time_s,EMG_ch1_uV,EMG_ch2_uV
15.071,-61.1191725954181,-29.1463675480355
15.0715,-57.7122099840665,-25.319132553591
15.072,-59.7752118865205,-11.6993613332426
15.0725,-72.7793836604144,1.45346524057813
15.073,-89.9792244604019,5.14719322167562
15.0735,-94.0938802777522,0.204176017182227
15.074,-77.5337607980771,-7.12577557184879
15.0745,-52.5879149500375,-14.3885040304614
15.075,-35.4356821546978,-22.6524241936845
15.0755,-27.754391009082,-29.2482929876426
15.076,-20.8058596287628,-27.9082523851187
15.0765,-9.4831163024607,-17.4762701975156
15.077,6.59942129124698,-4.85247877933951
15.0775,28.2149117040349,3.09003729296653
15.078,50.8356697022203,6.07780272212768
15.0785,59.0769291062443,6.94746658155891
15.079,40.7445796577848,6.70682612273548
15.0795,5.65136658368427,6.24783172925269
15.08,-21.7897381672347,7.96573801749419
15.0805,-29.2916751207767,11.15623315051
15.081,-24.7123392733042,10.0439355976691
15.0815,-17.3148200175434,1.81407067139737
15.082,-5.66959293087895,-6.73348948050884
15.0825,10.4524660349413,-6.59002930258465
15.083,19.8779049067912,1.71536238160105
15.0835,12.7655262574743,9.87672339026752
15.084,-3.75301332680151,13.3442718737072
15.0845,-12.78986637003,14.2509580097832
15.085,-6.56741468043145,14.038898166542
15.0855,9.64559178970013,11.0986729252625
15.086,28.0700248316488,6.59616566577407
15.0865,44.5248505244533,5.28136617507148
15.087,57.3389990711335,8.63917409120427
15.0875,68.5960505240177,13.9484087692938
15.088,83.5109912886211,21.8600879192663
15.0885,99.1573067877204,36.8508548573995
15.089,96.5491858154242,56.3352775781953
15.0895,57.3485431177703,67.420719161244
15.09,-8.21648560590976,61.0033452271177
15.0905,-61.9238281829476,43.1407265206957
15.091,-74.1326723885562,25.5688997940447
15.0915,-53.5826007569688,10.5756746180009
15.092,-34.0716616208421,-5.95612342538627
15.0925,-37.049558103371,-20.7948173291852
15.093,-55.2126372571063,-24.1179883570564
15.0935,-68.9570675337288,-14.3147207174636
15.094,-68.8742009820583,-1.92242877563245
15.0945,-60.867143580534,3.97413797955517
15.095,-56.2039256999655,4.7116651335139
15.0955,-59.4623494507006,3.28416097127851
15.096,-63.1696305149357,-5.3146522158727
15.0965,-53.9713319545072,-27.3715580011563
15.097,-27.3037913060082,-57.8617881043795
15.0975,5.08620021408652,-82.0256067232865
15.098,26.7989743255036,-89.3614766840012
15.0985,34.8680871173441,-81.5511436221446
15.099,40.2195930909224,-67.0142770867464
15.0995,50.5724610590014,-52.1895984183086
15.1,60.8886902074202,-39.0367248163945
15.1005,63.0859854269154,-27.4739829471187
15.101,57.3169138451306,-17.9762199713435
15.1015,49.1533792618634,-12.5806933549979
15.102,42.5414239263182,-13.7602059933817
15.1025,40.9832478108795,-21.3587944917924
15.103,48.3399836962454,-30.7766669093538
15.1035,60.033738302946,-35.4942292239173
15.104,59.2130817861299,-31.6149933821952
15.1045,32.9934861680085,-19.5713637852155
15.105,-8.91525998220194,-2.80040018113247
15.1055,-42.0530219161429,13.3573370959226
15.106,-53.8193022524632,22.89246653179
15.1065,-52.5305887887329,23.3196138811825
15.107,-49.6966683064216,20.0247737915894
15.1075,-45.945864978019,23.3957996587296
15.108,-39.5170603644052,38.6100641845206
15.1085,-36.065988211092,58.9052197913097
15.109,-38.9040859654427,71.0715946636917
15.1095,-37.1967333947859,67.7288944611469
15.11,-17.3660878823637,53.2409123413519
15.1105,15.9987070014591,38.3290423716087
15.111,43.4793817621709,30.743936699241
15.1115,56.5680776878221,31.072062552026
15.112,68.0455871864873,35.1401038928395
15.1125,91.202986653917,38.5920740086038
15.113,118.65101614315,39.7008463435284
15.1135,131.027921262631,39.4459370534194
15.114,121.100169756983,39.8186028556552
15.1145,98.9529520571946,42.1287509856202
15.115,75.603447774536,46.5977066356766
15.1155,52.4447171072014,52.5412233913283
15.116,28.3328702171107,57.5798780195159
15.1165,6.45257160725411,56.7894119752844
15.117,-11.4759870593,45.0106762799036
15.1175,-30.1165160323526,22.4152389208878
15.118,-52.7659923046336,-2.45135290492781
15.1185,-74.3899608645435,-17.4182696763802
15.119,-89.4674496123467,-15.8902264874995
15.1195,-101.218828335259,-1.2312752966744
15.12,-114.349930343344,17.4553923206853
15.1205,-123.957017218893,32.0881319784751
15.121,-123.187541857868,37.9897083887809
15.1215,-118.116622267937,32.9413633661941
15.122,-120.338149482269,17.6344020356635
15.1225,-125.624697796227,-3.38066284626522
15.123,-117.522976018594,-24.9278134039368
15.1235,-96.0935068064735,-46.8773952461297
15.124,-83.9336905471225,-73.8904767357309
15.1245,-93.1415348256077,-107.228903518275
15.125,-103.580128540181,-138.925715184196
15.1255,-89.805114182773,-157.610761413389
15.126,-56.180302999047,-159.871115391495
15.1265,-26.5666922729371,-152.813267824294
15.127,-9.4492354414798,-145.07772469812
15.1275,5.15302847658255,-138.514194137162
15.128,20.9720552421939,-129.90862474932
15.1285,32.7190172834494,-117.375679005041
15.129,47.3961037664884,-101.763458921796
15.1295,82.6241987014458,-83.6834698673751
15.13,136.575866545958,-63.2366382981904
15.1305,180.7355113813,-42.7793847352774
15.131,192.984321326973,-26.5918829041662
15.1315,181.713869865784,-16.5599140906496
15.132,167.775923592596,-10.1194403985369
15.1325,158.153637162377,-3.04945586397627
15.133,148.11617150894,7.79143347214843
15.1335,135.084711200157,24.6304985656301
15.134,118.350331370424,48.0016405399355
15.1345,96.5524031963113,73.8700942036642
15.135,75.0649768568835,95.2758446831906
15.1355,62.2854630556664,110.838674997011
15.136,48.1648415899252,128.977146224491
15.1365,3.59375497398049,157.684239870926
15.137,-81.4896677261123,189.900171138495
15.1375,-172.863283446059,204.945977822764
15.138,-225.080051876741,187.364412177634
15.1385,-230.635639022889,140.812599278486
15.139,-216.636825325755,81.5731802250866
15.1395,-202.174086628425,23.9159747013206
15.14,-184.061721417104,-23.438413324289
15.1405,-160.708945798751,-52.1925965876702
15.141,-141.251748027288,-56.2579283688743
15.1415,-124.253025502634,-39.9603788653597
15.142,-90.9603498358228,-16.8298661303347
15.1425,-32.5094192837051,2.97610690113468
15.143,31.6453357076388,18.7623629398229
15.1435,75.1616795206213,31.0721341842309
15.144,94.7992334451632,35.5234926088104
15.1445,108.545259690674,30.92756094731
15.145,131.157675487948,26.9566247018327
15.1455,161.193208431835,34.4173134775481
15.146,187.87647628728,50.5664840055215
15.1465,202.089507624186,63.021706224173
15.147,200.685423307631,66.9681995100365
15.1475,184.775723494436,68.8708158026328
15.148,156.646860085345,72.7967967295618
15.1485,120.510185225469,74.1655979193972
15.149,85.3852374306042,71.2060735598923
15.1495,59.9458446167905,72.3630828313464
15.15,41.0763136993734,84.5045868757365
15.1505,17.2664767221762,100.526076106783
15.151,-9.46253684216659,107.02542528464
15.1515,-18.2278889099182,99.9167244908794
15.152,-0.836806223230211,84.6628482593912
15.1525,13.8075856538726,64.8601563479015
15.153,-9.08471458592328,39.2793225676646
15.1535,-59.6565793027052,7.99384279668759
15.154,-91.4867227878761,-27.7108242073084
15.1545,-82.0885424499531,-71.5584365321363
15.155,-56.8450901273289,-130.166136369601
15.1555,-44.2928751052561,-202.764376412371
15.156,-37.2923975076865,-278.352149452853
15.1565,-17.2633917276769,-343.506112127163
15.157,7.48216931610118,-388.241426555716
15.1575,14.1395481395461,-406.079455724139
15.158,2.40633637292995,-396.489986243826
15.1585,-7.12969090740535,-368.104527830776
15.159,-6.03035240067465,-332.242574743982
15.1595,-7.44437577924227,-291.906311148802
15.16,-24.3747529535125,-243.377691300627
15.1605,-56.1323658118645,-188.104761103259
15.161,-94.8607603563672,-133.99810776575
15.1615,-129.934898180638,-83.9152942158827
15.162,-147.74994331917,-32.8738232234833
15.1625,-142.646823316846,20.6278067369333
15.163,-127.5276949093,70.8387452649108
15.1635,-119.922905791201,115.772720006908
15.164,-119.10777569816,160.094661553782
15.1645,-111.282590067516,201.131305959463
15.165,-95.1267988263247,225.294159106539
15.1655,-84.6947883341676,228.893247600462
15.166,-85.5716049670095,230.471418418787
15.1665,-85.75701351948,247.586684194921
15.167,-75.3091689206837,269.690857995842
15.1675,-59.5716971270107,271.291264491207
15.168,-45.9310742166834,247.818111178771
15.1685,-31.0139588447415,220.274253516117
15.169,-9.67885396656161,204.519755516801
15.1695,14.255405172541,194.426188971723
15.17,35.3838639270467,179.969251715811
15.1705,56.0616208584092,164.649728259011
15.171,79.3164731056223,154.939892098361
15.1715,99.2936307987002,144.807688008463
15.172,107.79235314332,122.863523151938
15.1725,105.936854784959,88.241652772155
15.173,102.046506911695,49.2077427061316
15.1735,101.492663978942,10.5870727280073
15.174,104.437791846834,-27.8518877989434
15.1745,109.495725402167,-62.9507834183849
15.175,113.708693136082,-87.1861669083732
15.1755,112.563550245292,-97.1136314222333
15.176,105.747866116169,-97.3564816181855
15.1765,99.5962551875126,-95.1266800989342
15.177,98.3547204701675,-93.8817914703416
15.1775,96.268738519322,-92.6284401993714
15.178,84.2998617184122,-89.2810314767078
15.1785,62.4157540101972,-84.3295523288924
15.179,39.4619713934179,-81.2973688583263
15.1795,22.3309842689756,-82.2554911934097
15.18,10.6553751235741,-83.5337763666238
15.1805,1.37884252476569,-79.3074114913508
15.181,-6.75088641854019,-69.8174579939436
15.1815,-13.9484204667167,-61.9911320495407
15.182,-20.9091501015879,-60.6559322478793
15.1825,-28.2654373623406,-63.0097798555403
15.183,-35.7952181453231,-63.1543444120132
15.1835,-41.7588317823448,-58.1681174444076
15.184,-42.4103670115194,-48.520872777926
15.1845,-34.633601867616,-37.1018462046562
15.185,-21.1212318956195,-29.4795421920481
15.1855,-10.3922490206959,-30.1644022067024
15.186,-8.64441674272823,-36.3318790841426
15.1865,-13.3552397497348,-39.8440441763658
15.187,-17.6676751329585,-37.3703274140308
15.1875,-18.955421147694,-33.3072349840704
15.188,-19.7205472241664,-30.9667694268798
15.1885,-22.1707489372727,-27.5932859026741
15.189,-26.3554230349601,-21.2154108427889
15.1895,-32.6457458242967,-15.2851279586431
15.19,-41.2881226052709,-11.9789220241917
15.1905,-49.1882996599329,-7.73805965168915
15.191,-51.4418806811599,-0.807197806526502
15.1915,-47.2750063554055,3.63091999757764
15.192,-40.9935475108423,2.21085495249223
15.1925,-35.7309737360784,0.693794138175915
15.193,-29.7166033705476,5.25330955514091
15.1935,-20.673116680673,12.7705693751872
15.194,-10.4343071783869,18.0727606887868
15.1945,-1.9383092367476,24.7006335442019
15.195,5.78281091746988,38.6444608194325
15.1955,15.3716070863505,56.4738575064387
15.196,25.2804210404559,70.615723631751
15.1965,31.176543235931,82.472990477843
15.197,33.4788875616385,98.4257618591974
15.1975,37.955367169459,115.302814186671
15.198,46.23356188223,122.243235971028
15.1985,50.6244941769743,116.096815177327
15.199,42.9848857105808,102.910333777224
15.1995,25.4058188611183,84.7046358452365
15.2,6.72656284962028,57.7976734060193
15.2005,-9.08509502186561,24.9256489123634
15.201,-24.4503564734496,-4.64374069675499
15.2015,-39.2557579723145,-29.1776533059035
15.202,-48.3302987625821,-54.695436604207
15.2025,-49.3049689307887,-78.1080667276893
15.203,-45.8469875615334,-85.5457047423673
15.2035,-40.66659901207,-73.4101097949528
15.204,-32.4435275328957,-56.2592837730354
15.2045,-22.9046319495257,-46.527032926351
15.205,-18.8051683977571,-41.6200580863189
15.2055,-21.1080566196948,-38.9373929419542
15.206,-19.8309644581431,-44.070994688574
15.2065,-7.98999860879355,-49.659082884597
15.207,5.09812132408377,-27.4236916519043
15.2075,4.40588048079912,32.5418864516789
15.208,-10.01777022792,87.9223936317588
15.2085,-22.8195399407756,82.6598280899635
15.209,-22.7797294393666,18.8708993555016
15.2095,-13.0678668674828,-40.0256458349927
15.21,-2.02221154942309,-44.9477546509347
15.2105,6.86121399200755,-12.7537141739271
15.211,13.3723658753419,9.24775363083491
15.2115,16.686370537769,3.59601995874531
15.212,16.7397085448121,-13.2164586177117
15.2125,15.3660663336465,-26.3663018408052
15.213,14.5991462018228,-33.9749054151509
15.2135,16.9266614432362,-30.9750394794909
15.214,25.513629790883,-9.45846557496324
15.2145,38.8897462048435,22.7852538472321
15.215,47.8377233703769,45.1827955103622
15.2155,45.0963249709801,50.6726482660036
15.216,36.5878379041042,51.8374522335202
15.2165,34.3558063597188,55.1464519727105
15.217,39.2948978848946,46.4858172659857
15.2175,40.8326955223614,13.6348072263416
15.218,33.8321984054133,-29.1999945178538
15.2185,24.3763535074247,-53.1450749204974
15.219,16.5600053875207,-45.6954637377908
15.2195,5.6897682115353,-20.0052481397367
15.22,-10.107224016442,2.22258364196787
15.2205,-22.3400154052109,7.77666420873664
15.221,-23.5744386385466,-3.92446202125025
15.2215,-18.1776620564296,-22.7854405979006
15.222,-14.3984034866781,-34.4269873414557
15.2225,-12.3978277649339,-33.0771050208987
15.223,-6.91504098132883,-28.6666787892696
15.2235,3.89603040743368,-34.8701537946606
15.224,18.3404345971729,-50.9871552547604
15.2245,34.6206223529951,-62.6527102778306
15.225,49.2977136117977,-59.6842143748203
15.2255,57.6661810071978,-45.2808813476733
15.226,59.7396458707941,-27.463434669668
15.2265,59.6975169375988,-10.2087299970135
15.227,56.4025266543522,5.17000851858111
15.2275,43.3139335802936,18.7969778316763
15.228,22.0073614015662,35.8601877199311
15.2285,4.59987234214113,62.6457686144124
15.229,-4.86037842079179,93.220498871457
15.2295,-20.4381453241728,107.514183186457
15.23,-55.0405310016204,90.389793532472
15.2305,-99.5715567675472,48.6446294275744
15.231,-132.574809949725,3.60685086199742
15.2315,-143.895571382998,-28.0253309177491
15.232,-138.244954383018,-40.3547636618475
15.2325,-122.728610372105,-33.611674983962
15.233,-103.000528211158,-15.7598161056733
15.2335,-85.3223858239696,-5.62028809423752
15.234,-69.5804113979348,-19.2589200549692
15.2345,-46.1692203766744,-47.993199164613
15.235,-13.3426312661058,-59.9600380737186
15.2355,8.85458734956586,-31.7693998294737
15.236,-0.824223627463082,25.150233569297
15.2365,-33.2888777516205,75.0721985442479
15.237,-56.156302488019,91.9732896094379
15.2375,-53.0611750119384,78.8672539508903
15.238,-39.3968943048338,56.8678434595299
15.2385,-36.4078971996084,42.4177252704307
15.239,-45.5547879576072,36.8415241915639
15.2395,-53.5484153373342,32.7078704470507
15.24,-48.9198831115855,24.2888300129556
15.2405,-27.364467007422,10.5843231943959
15.241,7.91737870586289,-8.00441325651012
15.2415,45.0698985583918,-31.1417069364631
15.242,71.9652661164598,-55.7371626559936
15.2425,89.818484461693,-74.5782072300024
15.243,109.163992648845,-79.9911261202211
15.2435,130.150847266159,-68.6812111964368
15.244,139.454864646415,-43.9836734517163
15.2445,131.558804472179,-15.9922381342005
15.245,119.817226142958,2.14093349045954
15.2455,117.887840605237,4.38039334763249
15.246,120.691137334382,-0.311597937296342
15.2465,113.399046666792,2.76547332097035
15.247,91.7171382600736,13.8621583822618
15.2475,64.5392580160802,16.4598307454447
15.248,42.7451648853655,1.5915346154126
15.2485,33.2698581081094,-14.9590042877511
15.249,38.4603809054565,-12.0295867916144
15.2495,52.8502416589633,6.27164664939088
15.25,63.9801276911236,15.2966489536856
15.2505,63.2789613670074,5.02354963220825
15.251,54.441677757312,-6.07092858096118
15.2515,47.6904949952673,2.2187928265278
15.252,48.9768627854579,25.5136994539743
15.2525,56.4968644961525,44.8505369904278
15.253,62.2357084720584,52.1694380820404
15.2535,55.0245952064389,53.6528055935607
15.254,29.3514275943149,53.9059538174216
15.2545,-5.51591448936903,49.6690403352098
15.255,-32.0298219649598,38.3242827880026
15.2555,-42.8771467165821,23.0294180476633
15.256,-45.7794804148279,8.65262588282532
15.2565,-48.3585827144146,-0.835211476124461
15.257,-49.0613402277181,-1.42947581928662
15.2575,-47.2764691193135,7.39625978562113
15.258,-50.2020116824182,17.5368100286485
15.2585,-61.5107389896041,17.0316731520293
15.259,-73.2737596448104,2.19070937158811
15.2595,-78.3341870559566,-19.2627397596686
15.26,-82.209194631427,-38.4209712686051
15.2605,-93.6733861541155,-54.0562354808996
15.261,-111.934044149116,-68.9222297302405
15.2615,-132.776264943376,-81.0114550674399
15.262,-158.57814684203,-82.945899383736
15.2625,-190.091158084907,-70.4137870837475
15.263,-215.130331645706,-49.0749295290389
15.2635,-218.884077290757,-31.2760793572199
15.264,-202.047820591393,-25.3298134185407
15.2645,-177.482229265606,-29.1161450120558
15.265,-152.542460746956,-35.629529486733
15.2655,-125.999026074138,-43.017142907235
15.266,-98.8256861832674,-54.7624465378514
15.2665,-75.1300216358362,-69.395104463697
15.267,-53.0382726025365,-75.5952719727188
15.2675,-26.0389096444884,-62.2184377107669
15.268,5.81794871951296,-31.4415773070169
15.2685,35.0203501995118,1.71636251838894
15.269,56.9684205852937,22.5750290407452
15.2695,73.2974684101886,27.6858040974036
15.27,85.3954521861444,24.2667930460815
15.2705,92.1099100531702,21.9685846099341
15.271,93.2578363896254,25.6453288316659
15.2715,89.3030732270872,34.6697607763581
15.272,80.0007744123028,47.457112719157
15.2725,69.5627494980136,63.6077175823961
15.273,68.879612434623,79.4899492790036
15.2735,84.9123880782119,85.3744015853823
15.274,112.279211551201,73.4019342394932
15.2745,142.668646835827,48.0669912569557
15.275,175.097596602734,22.3028176814121
15.2755,206.308061740023,2.73327174193157
15.276,220.20513337893,-13.5905569799274
15.2765,203.927249644364,-26.5550212425112
15.277,170.285540113787,-27.4667075343267
15.2775,146.457433017015,-12.0406613931956
15.278,141.024861588096,9.81264574340217
15.2785,138.265264009854,25.460997003265
15.279,123.770542611451,34.4009928403156
15.2795,97.3682635252772,42.8813219524753
15.28,60.3006899310122,49.2638296664222
15.2805,10.7569491320835,45.223214045332
15.281,-42.3056061395367,28.7745362315138
15.2815,-80.4502989281143,6.38439709609323
15.282,-99.1855806937068,-16.4123481286013
15.2825,-112.863790872258,-37.9143975280811
15.283,-127.468898259881,-55.6575213178053
15.2835,-126.172082872893,-67.8431680213417
15.284,-93.9549611507736,-77.58941487607
15.2845,-41.5335602583874,-86.4089865302699
15.285,7.88928733333173,-85.669327475704
15.2855,42.2286539376952,-66.1256963026398
15.286,58.7745624528793,-35.264841662713
15.2865,53.9737768326394,-11.7140500369944
15.287,31.168429838015,0.0260516181170227
15.2875,6.6464229790964,15.6457722742285
15.288,-8.92861710094482,46.4815894861624
15.2885,-25.320983359506,82.0657597716868
15.289,-52.5476964386848,106.348959736984
15.2895,-76.6858542787419,120.816865835998
15.29,-76.4691456308131,139.183342836102
15.2905,-57.544999625462,164.532666200231
15.291,-48.8289221083618,183.97207899459
15.2915,-66.7439387602742,185.679332373641
15.292,-101.512407002686,172.607230125089
15.2925,-136.4222193736,157.482563386378
15.293,-160.834765552737,148.594104499889
15.2935,-164.682007762755,141.505600341762
15.294,-141.545801075476,123.459266428116
15.2945,-101.994307078282,87.341695194996
15.295,-66.8054266032255,41.3110289973204
15.2955,-42.9451667109446,0.237478747332852
15.296,-22.2418275414174,-32.8603439561504
15.2965,-5.76952224389444,-69.508556623597
15.297,-8.8122113595785,-116.662253745603
15.2975,-33.994223214875,-163.08988983193
15.298,-58.8587283014697,-191.752873670899
15.2985,-62.1479572864036,-199.926996761926
15.299,-47.7178330243653,-199.326929718789
15.2995,-31.146237729502,-200.523668032219
15.3,-16.9811954423308,-204.992331512353
15.3005,-2.38822425564491,-208.995506114022
15.301,9.46942411546927,-206.780007051522
15.3015,15.2501548660363,-191.864258433631
15.302,21.8492737766566,-163.503030972119
15.3025,36.5043843065297,-131.544115207599
15.303,53.372606313347,-108.050568227518
15.3035,63.3781031145843,-94.4592377284922
15.304,70.7207971848553,-82.706753796983
15.3045,85.1506071144123,-67.2460462147916
15.305,102.945928465574,-49.2654506463854
15.3055,110.950131954162,-31.186818318907
15.306,107.27079891717,-15.3286254415242
15.3065,103.329226942301,-7.02634703310249
15.307,105.515681530697,-10.0368345295551
15.3075,108.698243675352,-18.4145252193262
15.308,110.071090053468,-21.6080162781467
15.3085,116.53924939846,-18.0946573949698
15.309,132.268274098444,-14.3837989131035
15.3095,146.766624707781,-9.69204339659911
15.31,142.297542213708,5.95766386653294
15.3105,112.452337089171,33.4604097421293
15.311,72.4025432810023,56.7490812063421
15.3115,50.0044187571652,62.9000537785429
15.312,61.3499994532201,62.100083593643
15.3125,91.6757370746345,77.0977710501129
15.313,106.367293834671,117.445663907753
15.3135,85.4277926187114,172.95972465002
15.314,39.9849836937453,227.175854103863
15.3145,-9.69129512415362,265.996156215002
15.315,-59.6048722264875,276.7351803674
15.3155,-113.681252851432,253.374926512038
15.316,-162.576775393836,206.615724770995
15.3165,-190.831940018251,159.066883683065
15.317,-200.590648192019,125.839699267548
15.3175,-208.360865790038,105.629949144526
15.318,-218.485151912508,91.7647654784173
15.3185,-218.748506952209,82.5491181575131
15.319,-204.861671337074,76.9240700269927
15.3195,-191.033276328616,70.1390387927542
15.32,-190.109584752035,61.765511457675
15.3205,-197.95099088283,60.1905419947995
15.321,-203.481983574713,68.454976359683
15.3215,-200.934486882461,70.1994222914732
15.322,-186.614814650641,42.51375163594
15.3225,-156.882319762117,-16.1668536568392
15.323,-115.904665019005,-81.4585131851204
15.3235,-73.7696647129168,-129.673913406704
15.324,-31.6077252456494,-160.458506734041
15.3245,19.4101203070312,-188.309767765247
15.325,79.9863530512349,-220.226977556028
15.3255,137.780866354674,-250.763122100502
15.326,186.351136428751,-275.05072673989
15.3265,234.146715806224,-296.416181026956
15.327,286.945418026176,-319.557692041538
15.3275,335.275819759244,-342.92219058621
15.328,366.957049937378,-360.56689315182
15.3285,377.986021119347,-367.185635574375
15.329,364.197480203692,-358.81872641896
15.3295,319.41575917318,-332.563512981199
15.33,251.215134357103,-289.380519397989
15.3305,180.149527362151,-235.136247154319
15.331,112.265592168546,-175.016238986204
15.3315,32.6747485740451,-107.396727515652
15.332,-60.3721535614678,-26.8368382003524
15.3325,-139.89131345878,65.8626660295364
15.333,-189.681734940297,159.720097848066
15.3335,-234.470894565327,242.826976685848
15.334,-300.037018557282,314.757636730724
15.3345,-362.499695987351,385.95629560837
15.335,-374.060864757147,462.769933730361
15.3355,-328.024252945074,535.843177892536
15.336,-260.440960287568,587.405194161535
15.3365,-194.472838211162,609.378582114753
15.337,-125.208878145333,609.475860215031
15.3375,-58.8196884833596,598.071406633721
15.338,-18.8057238352434,574.271365225818
15.3385,0.677539959366687,529.210179935295
15.339,44.7945014701579,459.508537605641
15.3395,137.183213183281,371.345891872771
15.34,242.082072212949,272.299874008395
15.3405,313.133814061076,165.991178022785
15.341,351.179409807883,56.9625432536625
15.3415,383.562365819049,-44.7356713192068
15.342,410.702238326944,-128.824534247516
15.3425,410.500822128133,-192.955597235966
15.343,382.076512683919,-241.908685112726
15.3435,346.125692507627,-279.848992737904
15.344,302.958678531367,-308.157830305284
15.3445,224.192367701936,-332.262937971715
15.345,95.2914768709308,-365.354220652945
15.3455,-55.7454047943876,-418.47823949849
15.346,-181.618921264746,-485.988399030229
15.3465,-254.886079023437,-546.255845244276
15.347,-281.32884314598,-580.47502131584
15.3475,-288.168899792878,-586.986030616961
15.348,-302.070627490277,-572.610728620383
15.3485,-327.06259571941,-534.876111839008
15.349,-341.750856776379,-462.612956218677
15.3495,-326.333498690642,-354.181322400002
15.35,-287.694973344278,-225.394453767915
15.3505,-244.283337340708,-96.4848052502524
15.351,-192.896903544571,20.2828352535871
15.3515,-113.962143037786,117.348316332677
15.352,-11.9194965882086,187.90119087251
15.3525,75.1146150628978,233.075587165269
15.353,118.059681707053,263.505721393223
15.3535,129.062019804072,283.606612100674
15.354,135.092275897189,282.24932930603
15.3545,136.943235414659,250.657344083394
15.355,116.744555088819,202.51219344566
15.3555,74.7613566798737,162.129954572617
15.356,30.6180049785992,136.810395497218
15.3565,-11.7343794805344,114.901004209502
15.357,-72.5248454431144,87.2667679999415
15.3575,-159.479256638624,54.3758644273918
15.358,-245.265012422164,14.7664749484053
15.3585,-299.447990166431,-33.3151854045657
15.359,-327.856645844103,-75.6319284043587
15.3595,-358.083846554459,-86.8811876104437
15.36,-393.327140743584,-60.5021805077694
15.3605,-404.884278536765,-19.57485734957
15.361,-371.478972758652,9.12946797336919
15.3615,-303.498146482531,19.2347996892741
15.362,-221.764007076779,18.1706446275544
15.3625,-133.854223214018,12.7044256221145
15.363,-44.4183798448639,8.9995707333838
15.3635,29.5479095533014,11.660291096111
15.364,73.6145157354243,14.2317183679043
15.3645,96.953384977593,7.16235599760754
15.365,121.660947754519,4.49863495634763
15.3655,158.326032066851,41.9292366437331
15.366,207.141918716605,131.479234741127
15.3665,272.819308221998,235.886845511865
15.367,356.71617877242,308.492160231327
15.3675,439.288789900533,343.962419800837
15.368,493.534187993179,366.907959869546
15.3685,516.273216612802,383.45260742724
15.369,526.59495183442,371.842423384291
15.3695,534.748881069713,314.593395734791
15.37,534.671547936041,212.46731584597
15.3705,526.120828888081,68.9358139961427
15.371,516.658005685368,-111.547667740294
15.3715,497.272410717251,-306.684943717233
15.372,445.595240710298,-482.167037038022
15.3725,363.781888982569,-620.454639715835
15.373,283.286828373414,-724.362396796186
15.3735,214.936900677698,-788.942804022526
15.374,123.2798169585,-792.425529653569
15.3745,-22.9859525537158,-723.678384849501
15.375,-195.37925782909,-600.856437748347
15.3755,-328.65679021224,-454.448147972486
15.376,-386.891647362622,-305.877293631264
15.3765,-382.381500768964,-166.926278645871
15.377,-342.053636058059,-43.4739815089246
15.3775,-283.751186448635,65.8581557841671
15.378,-219.87255464999,160.215768523212
15.3785,-158.112409475846,224.733828857559
15.379,-98.9828527908226,248.010057970193
15.3795,-50.3952058381835,252.882006455159
15.38,-37.4646127980295,284.301915947185
15.3805,-76.1150169015938,358.756380690049
15.381,-143.582528330992,450.117923139564
15.3815,-199.682900765801,533.880738934846
15.382,-234.4287684408,615.875000689712
15.3825,-271.588461092634,701.829619704268
15.383,-328.483109999635,769.902306717879
15.3835,-397.235841312135,799.988145434246
15.384,-464.218935879188,806.512207990463
15.3845,-520.932120127646,812.029161923551
15.385,-552.345075227726,806.082355639609
15.3855,-539.622454722223,761.901271343755
15.386,-481.147573925766,680.568245833099
15.3865,-391.863465348818,584.972594539328
15.387,-280.696515304103,477.920350718603
15.3875,-151.183254589756,341.160986233
15.388,-24.7971057612525,174.858588666818
15.3885,65.4735539335398,4.78659696192388
15.389,113.933699488989,-154.108706083764
15.3895,150.718494308359,-310.762965343581
15.39,202.549583358702,-465.192357327158
15.3905,266.806842345478,-588.719621283938
15.391,330.923140460529,-651.282878648111
15.3915,390.672290396836,-652.34997878093
15.392,437.597874987914,-615.590941566674
15.3925,454.9272122675,-568.107510640492
15.393,442.760083855222,-532.545229750602
15.3935,425.161784658103,-524.218374443673
15.394,415.575840764504,-545.51404824133
15.3945,396.196393989958,-590.770336557288
15.395,348.621203428441,-657.50179747274
15.3955,283.2418725423,-739.607006802609
15.396,218.342164476302,-810.784512745989
15.3965,151.178589632598,-835.829976099866
15.397,74.0996944743139,-804.968060332804
15.3975,2.09877824376835,-739.664882258454
15.398,-42.7510646276681,-659.581323104517
15.3985,-63.4521438309237,-564.647528097099
15.399,-80.2422747128842,-457.820863625687
15.3995,-99.2625869657183,-360.833505552506
15.4,-111.712456259354,-288.66485786246
15.4005,-116.472224961005,-224.876950073357
15.401,-120.890330734925,-141.955953246705
15.4015,-124.075490544606,-35.3335415420716
15.402,-119.355984039834,79.9897942872172
15.4025,-108.344159044206,196.156562895663
15.403,-95.0489791826218,316.094378122157
15.4035,-74.1992907755713,436.006677975771
15.404,-44.8420379125504,542.912971063617
15.4045,-26.0461275747091,629.322499455915
15.405,-36.0695497807027,696.927785780937
15.4055,-63.9783542846432,745.697522433573
15.406,-87.2343144651386,768.809643789857
15.4065,-109.792139145504,756.748936050706
15.407,-151.656721393228,700.14153490668
15.4075,-202.884173074349,596.142365342919
15.408,-223.818977582627,462.723925541759
15.4085,-200.551018116599,338.613847625407
15.409,-169.02872043987,253.323692041162
15.4095,-167.444641894475,199.39377847764
15.41,-188.34269230906,146.792220766421
15.4105,-196.643329946421,81.300450395187
15.411,-176.466814643186,14.7033427308788
15.4115,-139.017088112183,-39.6673213732716
15.412,-96.9750095795471,-83.3553397228331
15.4125,-54.2018388317574,-121.845081531443
15.413,-16.378893525124,-153.052246961981
15.4135,9.17148679538689,-173.550936987639
15.414,27.4119894640939,-185.157207778633
15.4145,53.8614500394697,-188.953895708769
15.415,91.3217417949602,-182.035941442626
15.4155,117.625991434256,-166.512030349315
15.416,107.165674546271,-153.547496454127
15.4165,63.2858232537706,-151.25528409648
15.417,20.1183862128836,-154.680079110032
15.4175,7.90968939653521,-154.912564777333
15.418,22.8177461743742,-153.208047221405
15.4185,38.753843397269,-157.599198557733
15.419,44.7713704586575,-166.744510181164
15.4195,58.7147830093251,-164.586630663393
15.42,103.601433357332,-133.733496353852
15.4205,183.90279609921,-71.4656981774704
15.421,289.242164541986,8.82148967797012
15.4215,407.235115455637,89.8150005440323
15.422,523.484047388085,161.648264114401
15.4225,619.815938420987,222.563431977751
15.423,682.385381314386,273.818066374022
15.4235,703.435000657701,318.840217934111
15.424,670.067637491251,365.167325755561
15.4245,567.090885705912,419.438451589428
15.425,403.222120536789,477.642365044335
15.4255,220.51872665161,526.013750240221
15.426,62.2725442664659,555.542186740364
15.4265,-59.1834995334961,571.374565620275
15.427,-153.150316286931,584.823499433054
15.4275,-227.44453354846,601.571429185517
15.428,-291.755819452211,621.402258191756
15.4285,-364.115972524588,641.60798600607
15.429,-446.870231570311,652.264687559377
15.4295,-508.665592704245,633.444168783391
15.43,-518.434776414544,567.521405441851
15.4305,-488.025434199171,453.510640064071
15.431,-452.689428381617,302.451600791735
15.4315,-419.322414014687,121.328450525471
15.432,-368.863793984269,-90.4136592236625
15.4325,-304.74510585337,-330.701204709979
15.433,-258.106179694538,-589.805049694541
15.4335,-238.431976877646,-853.272296497391
15.434,-216.064724598452,-1100.10903656268
15.4345,-167.599169424439,-1300.09916121827
15.435,-109.831270646435,-1426.64378834967
15.4355,-75.8711731959322,-1476.85842721683
15.436,-82.6670500471754,-1469.81043496131
15.4365,-130.468308350971,-1421.23184528472
15.437,-203.73222102844,-1329.6830658685
15.4375,-258.926477533209,-1192.98707488794
15.438,-242.675092197122,-1027.2982888234
15.4385,-143.813585517259,-857.173320018291
15.439,-6.71109741585803,-689.133877562063
15.4395,121.096791544443,-506.456018036556
15.44,229.505522333987,-294.411805016836
15.4405,321.531548723454,-64.8805639561873
15.441,383.474598531156,150.385424870401
15.4415,406.468106859418,330.03672845735
15.442,410.277385570008,479.485420382711
15.4425,414.817330786521,612.257717151817
15.443,409.775461150186,721.551532058622
15.4435,382.467667473352,783.691217629059
15.444,351.331894227212,792.099878870227
15.4445,331.384126535306,773.260353751888
15.445,283.215966959289,758.354148296217
15.4455,145.207140782345,749.534064512969
15.446,-81.365173304667,727.978035423315
15.4465,-317.660569479639,685.827663520977
15.447,-483.590934647333,629.289227126764
15.4475,-557.59663576236,552.81046070218
15.448,-558.088801121356,436.180950491566
15.4485,-505.270322704737,278.537920841599
15.449,-420.971076349618,117.164973666992
15.4495,-337.932692834762,-4.10607465277613
15.45,-281.145721012401,-76.8745445234396
15.4505,-247.765443032367,-125.853850531335
15.451,-220.6916805005,-172.550560376322
15.4515,-195.127141400376,-216.647948292007
15.452,-180.085200921146,-249.871863527421
15.4525,-178.71187517393,-270.130806074798
15.453,-177.026221471249,-275.290333124363
15.4535,-152.084257946258,-254.673022567122
15.454,-88.7712886135125,-198.510317142949
15.4545,10.034703126913,-114.460714422847
15.455,130.928483559837,-27.0035505813054
15.4555,268.532141362773,42.1760080617025
15.456,428.269067659961,89.8743758472942
15.4565,603.42007181968,125.914404657697
15.457,760.775396972131,156.796511102384
15.4575,865.415253788277,180.685245331518
15.458,913.317765109845,196.595764233729
15.4585,921.337217315754,209.457493953635
15.459,891.768423164818,222.383861321564
15.4595,813.26739423718,230.779594358587
15.46,696.689959273958,229.26342683185
15.4605,575.515629544234,218.797555258714
15.461,453.035492999725,202.048432610995
15.4615,277.291052572953,178.957877526528
15.462,1.45679812394044,153.97848030318
15.4625,-338.788918029891,139.056897648363
15.463,-637.766278009554,137.479335489188
15.4635,-813.801715026355,130.319447734364
15.464,-870.047854578123,92.598178695293
15.4645,-857.356410012414,20.5578218701691
15.465,-803.503467360085,-69.4205741579238
15.4655,-703.008207014758,-165.398694782955
15.466,-564.246201890758,-267.732645021664
15.4665,-430.815586761373,-373.341946185009
15.467,-340.212559982961,-469.306200811801
15.4675,-280.883600370061,-545.28474096238
15.468,-213.733525506411,-597.496088587201
15.4685,-129.012344220066,-617.733572819349
15.469,-56.6823493751493,-595.182664617396
15.4695,-18.8152063033562,-535.034202433194
15.47,0.958131007723938,-459.663739183015
15.4705,26.7922932603417,-383.412046127483
15.471,52.0898538881736,-299.063463731597
15.4715,55.2076276420667,-195.104892638998
15.472,41.5375498059706,-71.4911843681228
15.4725,43.116082357835,67.7982314370523
15.473,76.6078256101988,219.024676886891
15.4735,123.121301900025,363.918708262489
15.474,154.349225630313,469.272576818626
15.4745,163.036404034256,520.124708063793
15.475,162.852685080211,542.915648031906
15.4755,171.477769566084,578.614024933681
15.476,199.136909858297,639.267137799674
15.4765,242.415408269343,703.607885847206
15.477,282.971246628251,746.501540748789
15.4775,300.31490044095,758.617644281435
15.478,291.057304231393,745.457062674581
15.4785,270.434580907787,721.989696444519
15.479,253.457031829541,701.452923336365
15.4795,240.777733904258,675.357929586356
15.48,222.855274271861,611.747716243016
15.4805,190.104512471363,487.560864248891
15.481,139.538620913112,315.099843867479
15.4815,80.8819875560587,121.850758613893
15.482,35.8417895615489,-85.2304294114244
15.4825,19.8563705903082,-314.102383715775
15.483,22.2036677587788,-553.192921130151
15.4835,14.7470494511625,-768.631404513129
15.484,-16.1599807883144,-939.488856776568
15.4845,-55.7904612696142,-1075.4627124611
15.485,-82.4566424074265,-1192.54555732332
15.4855,-94.4161510399506,-1285.94597638864
15.486,-111.787223123123,-1334.66428927395
15.4865,-157.22295761133,-1323.75358555162
15.487,-233.776255978364,-1258.03588071825
15.4875,-313.887836412378,-1161.09530173912
15.488,-354.439292342176,-1061.58582020092
15.4885,-338.189174390599,-972.787006144703
15.489,-300.949594017615,-884.51824853693
15.4895,-300.11555301169,-777.899129228436
15.49,-350.783781008615,-641.309788670617
15.4905,-409.676480965359,-467.629410335466
15.491,-429.589795117531,-252.380508498719
15.4915,-410.950155812752,-11.4008252885528
15.492,-386.228268390667,214.567779964153
15.4925,-371.583066014437,400.056785173899
15.493,-356.354757317915,574.0595951482
15.4935,-331.324479562401,789.903893411082
15.494,-302.403369456166,1053.3998889859
15.4945,-274.267703995255,1307.3681659757
15.495,-239.492290313428,1493.20553675998
15.4955,-190.786867985101,1601.18537330334
15.496,-131.613738741499,1649.39716887259
15.4965,-67.7033710117018,1640.76477015334
15.497,2.9694169373596,1564.29643167668
15.4975,83.8014078706763,1425.43160787698
15.498,167.604087940928,1252.62848963038
15.4985,238.200111228267,1073.69911308701
15.499,284.873815325372,893.755974935609
15.4995,313.668862052835,693.469971686945
15.5,343.804752296936,447.004851271599
15.5005,390.765853860727,150.877369128646
15.501,450.202667060541,-160.681515171427
15.5015,500.355145942814,-436.613940152263
15.502,524.962427465123,-646.212409846253
15.5025,533.508396898412,-788.075009659352
15.503,553.358782617483,-870.388573116077
15.5035,599.412352803384,-904.223396155004
15.504,655.711972273497,-915.454205500503
15.5045,691.411773880491,-935.274610414241
15.505,692.383006112128,-967.594676601243
15.5055,670.086941325861,-986.464647016178
15.506,637.652283947913,-975.633281541982
15.5065,585.837202899999,-949.163600609374
15.507,492.740638186569,-922.723329504134
15.5075,355.658678462664,-890.366221439086
15.508,201.898547567326,-845.960465554511
15.5085,63.6671807069061,-800.43713827861
15.509,-49.5030646158838,-753.273699653816
15.5095,-149.412595988553,-670.824868022728
15.51,-251.477533670778,-525.37451995735
15.5105,-366.521698843886,-340.88378897431
15.511,-497.469252199683,-167.709045974392
15.5115,-626.989006421992,-22.9607072981957
15.512,-713.885690795674,110.260722850934
15.5125,-721.989387013192,233.791744284172
15.513,-658.02131262412,327.678253140513
15.5135,-570.709390766343,397.748368491191
15.514,-511.493411854112,488.552968320138
15.5145,-504.032873640906,627.832867971373
15.515,-543.188833889338,784.972386241159
15.5155,-599.433118779719,907.882169039408
15.516,-620.399134223688,984.313052222275
15.5165,-554.934927264674,1044.77007480757
15.517,-397.194195730042,1115.43357219506
15.5175,-200.135210417299,1190.28386005625
15.518,-32.8870357668043,1247.60577036622
15.5185,72.7597760058157,1275.38043893718
15.519,132.520294542159,1273.49855597035
15.5195,180.696518861116,1238.51148393089
15.52,239.674257097605,1153.38293021161
15.5205,306.143583237189,995.327426491815
15.521,356.74646458682,756.616267359063
15.5215,374.307532624537,458.614358311785
15.522,371.698901363509,143.504987034745
15.5225,374.059449804378,-148.457993768147
15.523,370.995588553693,-394.978965653519
15.5235,311.380544099683,-592.962791479941
15.524,169.101668591788,-751.436056034519
15.5245,-1.48542201597394,-879.931848142575
15.525,-105.938697445997,-976.192557675512
15.5255,-103.884571894122,-1027.44321341685
15.526,-38.9658000177742,-1030.33930405247
15.5265,24.5396695752392,-1004.99984936214
15.527,67.0462167997858,-979.354798918667
15.5275,105.427107480728,-962.967802544069
15.528,144.74425703945,-947.538354345038
15.5285,164.529856699629,-929.700000302872
15.529,150.20191802066,-917.801885006763
15.5295,117.313275809306,-914.924771315739
15.53,92.880047448595,-910.531760235749
15.5305,79.063512523002,-893.744364867444
15.531,50.0678229527649,-861.753825168261
15.5315,-8.8748971162846,-809.900565159638
15.532,-71.8771510923811,-727.69644786174
15.5325,-98.9185036847584,-614.061677609804
15.533,-88.2907974676069,-484.958823494537
15.5335,-80.797145593564,-354.511233376157
15.534,-106.999395334918,-217.171696141815
15.5345,-153.714563138301,-61.1177713017211
15.535,-195.470356330447,106.435161339097
15.5355,-234.89305158201,260.688145547541
15.536,-287.730719103775,383.976401260827
15.5365,-344.527170867182,476.277165936734
15.537,-377.053621969727,540.143237373016
15.5375,-376.233954205686,568.912707361758
15.538,-356.242580028969,559.138972578346
15.5385,-324.290243098131,528.667341717713
15.539,-274.30375534987,510.982914234964
15.5395,-211.116705568218,528.228458876656
15.54,-151.777821978328,574.971493979387
15.5405,-95.6345091885076,632.828418987326
15.541,-19.378522757199,696.55858610093
15.5415,86.1842657826061,775.730728223445
15.542,195.86189275781,867.557750436752
15.5425,280.172722932872,937.892598526973
15.543,338.489146525267,940.97685173728
15.5435,388.227145866581,858.514214008528
15.544,434.830576609347,712.753439672005
15.5445,466.471735503505,542.518666153387
15.545,469.036168039519,375.920811989716
15.5455,435.716327420211,227.943808392065
15.546,370.608514174953,111.69805291729
15.5465,291.125346123154,39.6033634908393
15.547,217.388897498414,15.5471284040512
15.5475,152.79624080606,34.8712781932269
15.548,87.0153501687703,92.1718870224484
15.5485,24.2002822731646,179.772842950227
15.549,-9.80029387989375,274.477814083337
15.5495,-3.28880798396643,336.186987066328
15.55,12.4635411360384,334.648217277371
15.5505,-8.29077308376562,279.886434789138
15.551,-71.5934043009558,213.539782888284
15.5515,-135.390497194129,160.905879608315
15.552,-157.74090438656,100.241657571041
15.5525,-142.108675572415,-6.79831878604308
15.553,-130.300281301495,-158.496299523786
15.5535,-155.902536687412,-304.152576742307
15.554,-208.631780201985,-395.12964754366
15.5545,-244.225942719282,-429.818255539658
15.555,-227.421429349753,-442.264231519109
15.5555,-161.520279926989,-463.469341646945
15.556,-76.2613415912969,-507.826531856663
15.5565,1.90320362836206,-584.349786369432
15.557,58.8084495282593,-698.472981472053
15.5575,85.8675329431099,-840.042549342766
15.558,86.4728083084848,-982.110440653181
15.5585,85.9443699773312,-1096.41024414896
15.559,112.03854197281,-1166.86051583026
15.5595,161.426247013713,-1190.77571738803
15.56,203.862076156369,-1172.71125714141
15.5605,221.948548181155,-1115.34800458492
15.561,226.370537788441,-1013.90312986462
15.5615,228.724869941947,-864.73529356281
15.562,222.715569724293,-679.768688519399
15.5625,198.605752856211,-479.26745665463
15.563,153.176038079329,-264.708484909878
15.5635,80.1915645492936,-15.5670335051052
15.564,-20.6891223942132,273.804544892193
15.5645,-117.799722771461,568.643094131231
15.565,-165.287787511555,821.199616126086
15.5655,-163.538494960101,1010.05810161755
15.566,-165.903986440048,1134.6893027535
15.5665,-201.828268880436,1190.06386204487
15.567,-231.191640377672,1178.34010304491
15.5675,-209.382363861452,1135.75329324384
15.568,-162.113370367277,1108.90411091541
15.5685,-148.719374039617,1098.41319876224
15.569,-176.137424569138,1056.8661899163
15.5695,-200.752307914549,950.716826362922
15.57,-199.103549343048,795.566526863838
15.5705,-182.468338437243,620.725325353269
15.571,-150.758096537199,431.220158950418
15.5715,-91.0372553512857,225.460749315932
15.572,-24.709048541212,24.2410781803078
15.5725,1.10320186530996,-147.649841063624
15.573,-17.2576772414367,-298.13173351104
15.5735,-28.9453655414803,-460.673160621885
15.574,-2.13196017067621,-649.704293075252
15.5745,38.7037289254088,-835.734879207188
15.575,65.9454862255289,-964.70356789206
15.5755,88.9494130295453,-998.308512903785
15.576,115.018979486643,-942.728691465774
15.5765,118.11576798032,-842.721065876329
15.577,81.3763122136829,-741.024975827219
15.5775,30.5293678321695,-643.65239888282
15.578,-12.0716459359099,-535.003980350491
15.5785,-67.7035805134154,-419.450577077959
15.579,-151.142989560321,-321.634267408936
15.5795,-215.594524915987,-242.75811295105
15.58,-204.887663180888,-147.605403852224
15.5805,-142.673311800163,-9.8471132931615
15.581,-112.851718299249,154.93106605113
15.5815,-154.573231579104,316.818028740291
15.582,-224.417033477765,463.941102594857
15.5825,-262.637320427681,584.611302263463
15.583,-251.370289627647,646.167765048467
15.5835,-202.255618870534,628.470206209261
15.584,-130.70896888184,563.735797015989
15.5845,-57.1519666510448,506.425943474081
15.585,0.144843673919762,469.347622981356
15.5855,48.3626784854623,422.521380083713
15.586,109.732568313378,351.738889576519
15.5865,178.233198134793,281.696213913403
15.587,215.743366146599,233.751437833955
15.5875,204.370394424248,192.975499432879
15.588,175.318112949566,135.049019434789
15.5885,169.56744986004,67.0536086770635
15.589,193.236507801235,23.0759401718983
15.5895,228.199820560721,25.0995768681997
15.59,263.933481553582,57.8899794902267
15.5905,297.549301121849,80.9605688420706
15.591,319.141536099615,64.400375913325
15.5915,320.245598575943,16.8282938793947
15.592,309.722474213729,-24.0432030302867
15.5925,305.761350112837,-32.9305633821061
15.593,317.880485626243,-24.2319313859578
15.5935,345.00880378788,-33.3499683251648
15.594,378.928441297006,-79.3835763983221
15.5945,398.848217581346,-151.172465684027
15.595,377.043397064731,-214.435677498698
15.5955,305.964121261958,-220.805112246247
15.596,210.870349284635,-130.149768040005
15.5965,122.922985679506,49.0989326065966
15.597,50.2033399237608,249.09445490754
15.5975,-12.0314366377626,395.744905575149
15.598,-57.5284687627086,468.798022370732
15.5985,-78.3452919697298,490.124693766695
15.599,-91.7878135472917,465.62877260575
15.5995,-133.469464173725,374.016224925684
15.6,-216.832675718927,213.680264377531
15.6005,-311.202317047049,23.8466178941856
15.601,-363.977096892511,-156.742840322941
15.6015,-340.605464713173,-328.223453038438
15.602,-249.872104467615,-510.590831544773
15.6025,-141.995085582013,-703.118255450479
15.603,-76.7839447558985,-877.099449109589
15.6035,-77.4219996070194,-997.354295020759
15.604,-113.094601393582,-1041.1717797934
15.6045,-136.038422391937,-1008.88142920179
15.605,-133.151866413316,-927.809975759222
15.6055,-130.248366804594,-837.572462605747
15.606,-150.606384825165,-760.699353126428
15.6065,-187.518433840414,-689.566563788364
15.607,-220.031666233659,-602.785611595862
15.6075,-238.835418797096,-486.231498091036
15.608,-249.005030017644,-337.462417167614
15.6085,-258.878243490255,-161.744633524497
15.609,-273.775069637331,29.6163508742697
15.6095,-292.174386549963,221.809296708513
15.61,-302.315045425405,399.078079770967
15.6105,-290.542559399142,543.003273426247
15.611,-257.855265890725,636.481047092967
15.6115,-220.045093064621,679.115946890125
15.612,-187.295964584647,690.618082556866
15.6125,-153.297089983968,686.483697966006
15.613,-109.761126925945,659.683681625053
15.6135,-60.5231502668109,601.535338561478
15.614,-12.8043160914223,527.125741766349
15.6145,35.1198122945532,455.195339762257
15.615,86.1738468333676,372.464258545896
15.6155,132.335430001362,249.74802819106
15.616,162.970987390479,92.7561182123046
15.6165,180.051735297085,-53.9957718663878
15.617,192.109309574399,-157.897525295718
15.6175,196.586376374136,-224.888418691809
15.618,182.113018137167,-271.621572682046
15.6185,148.051638301826,-300.270682171317
15.619,109.641634217674,-306.468462242733
15.6195,83.3441371979743,-281.188737506673
15.62,77.7484876654451,-196.785126610164
15.6205,96.5061243308444,-25.774323559718
15.621,134.098514083727,210.024683750185
15.6215,167.000177433553,438.250180091905
15.622,168.071764869179,601.564829225661
15.6225,139.458164121022,700.050179554279
15.623,116.955177497744,756.476412382479
15.6235,130.275447579837,772.555750542335
15.624,170.532592517956,740.748055501731
15.6245,208.518661489371,669.382338450006
15.625,231.812831860774,571.175682380235
15.6255,245.929221404604,452.954378083252
15.626,247.960914575238,340.062161697785
15.6265,222.606381047004,280.316330087553
15.627,166.268700971006,291.072082980798
15.6275,97.4822205412783,325.502698853611
15.628,39.0627042432524,322.798902683137
15.6285,2.73223434833556,269.261925290394
15.629,-7.65917811200669,178.681905846972
15.6295,5.24631175327089,42.4995405904459
15.63,24.6796568045786,-151.639148523916
15.6305,27.0482575185873,-367.454839475537
15.631,7.17559918642608,-537.776741915045
15.6315,-15.5958345139541,-634.086002078974
15.632,-25.7465112019871,-677.597117998502
15.6325,-32.8496393721538,-683.623417382201
15.633,-51.328290997999,-639.610675097687
15.6335,-70.9039776994161,-546.188908438215
15.634,-66.8184510113095,-441.929850358155
15.6345,-36.0121399819643,-374.082848934394
15.635,-4.49158988423933,-369.894354258456
15.6355,3.79961456350406,-438.731248435756
15.636,-9.80580346233443,-569.7947395504
15.6365,-31.780143267192,-721.087785196376
15.637,-58.9728114416291,-843.009553545991
15.6375,-97.2951922535641,-924.305761562663
15.638,-144.425965558478,-989.406158806332
15.6385,-185.272847522078,-1045.66250371472
15.639,-205.80214264556,-1064.86133502157
15.6395,-205.398182373208,-1025.49091268359
15.64,-193.161492893385,-939.401290619034
15.6405,-175.67631067723,-821.839471268207
15.641,-153.181613546237,-666.96407057595
15.6415,-128.055205391802,-472.745224794161
15.642,-110.729739409369,-262.852481678132
15.6425,-109.716743895759,-62.391272821098
15.643,-116.663003406884,125.51375142969
15.6435,-110.179102972815,300.530893204726
15.644,-78.4324836084184,448.527553367812
15.6445,-31.4213372829227,567.968354452403
15.645,13.4991627300055,688.311785262061
15.6455,50.9054224776207,830.850044974567
15.646,85.1306287751549,967.592887169528
15.6465,115.667896954265,1052.39639948464
15.647,135.641512064955,1085.25208881966
15.6475,142.99359293075,1113.95413015138
15.648,143.86651865625,1171.20515733763
15.6485,144.795698179824,1234.89120193049
15.649,148.607055385445,1254.38850432357
15.6495,156.781415706792,1198.81983688887
15.65,167.245292585682,1079.7909059501
15.6505,169.187149967143,945.363491571249
15.651,148.434666156613,852.562846395785
15.6515,101.241775772999,825.202170130694
15.652,38.6196798569997,830.091961385779
15.6525,-22.9304491401346,806.629691922749
15.653,-70.1147310881078,725.557995356014
15.6535,-94.6699567105709,609.32861288162
15.654,-95.7852600283295,492.694133051571
15.6545,-82.8246933723905,377.083422116344
15.655,-68.8075304716823,231.893892237524
15.6555,-58.9487472013179,30.4893561893647
15.656,-51.0637803477279,-226.462190441607
15.6565,-47.8604311103677,-517.735067018666
15.657,-61.1903905393451,-816.280544071014
15.6575,-100.333197057185,-1091.49844296519
15.658,-160.224106643361,-1306.75539688726
15.6585,-223.318292494435,-1429.93830619832
15.659,-270.240303297832,-1453.33454551099
15.6595,-290.001752371718,-1398.76913584152
15.66,-285.759926584035,-1298.82798160185
15.6605,-270.749655626973,-1177.1910214707
15.661,-253.746207889944,-1050.33236311436
15.6615,-230.187754975271,-937.458759976272
15.662,-193.104572000577,-853.515452992895
15.6625,-148.37664405324,-793.09102044797
15.663,-109.792797674831,-733.654044939521
15.6635,-83.1513293193783,-656.879454878804
15.664,-66.9317768033726,-558.775577079225
15.6645,-62.1296293079863,-441.559546813888
15.665,-60.9340655597238,-308.889180056295
15.6655,-27.9044048389355,-169.412507021389
15.666,76.9427485889339,-31.3256508164006
15.6665,241.420303524115,107.448199767357
15.667,391.895919667231,248.489248597629
15.6675,464.590356074941,371.459801275777
15.668,471.769851873242,443.919747589978
15.6685,473.241445724858,461.05486281067
15.669,495.906996362496,458.87211856759
15.6695,515.496625018135,478.410289549839
15.67,515.907505121136,531.945056621067
15.6705,526.942633216398,611.418835037256
15.671,583.113120412669,707.539222105882
15.6715,668.665661789462,804.05420420313
15.672,727.210007986819,874.02629013772
15.6725,713.551517391166,906.855204752117
15.673,616.368521535857,926.814170257084
15.6735,444.644885301706,959.065112101474
15.674,225.174974130879,983.737151376576
15.6745,14.6785404198537,948.782805365922
15.675,-122.74641659591,826.984004354195
15.6755,-176.241114850416,638.758524585237
15.676,-210.124900445928,420.685115651723
15.6765,-298.706064073273,196.353501020933
15.677,-445.205528227314,-17.8999866825446
15.6775,-590.480229749029,-203.329867950862
15.678,-696.983096652961,-348.380434995339
15.6785,-786.260566367605,-455.299492401634
15.679,-880.542878134129,-529.958988892384
15.6795,-947.976284358374,-577.57610226117
15.68,-944.396450324497,-612.714807183723
15.6805,-886.568233269149,-655.227661393667
15.681,-834.801467061871,-704.353875514501
15.6815,-806.782901529234,-731.496702856311
15.682,-759.488068804676,-714.722592512105
15.6825,-668.269940425733,-671.04859241475
15.683,-573.38251550043,-636.354445554385
15.6835,-518.639003547059,-616.495468448893
15.684,-486.277677547226,-577.666932494032
15.6845,-434.489424757214,-491.646678330913
15.685,-365.293115286904,-376.346884461745
15.6855,-298.386725952533,-276.999935762055
15.686,-195.324537573193,-209.463117101983
15.6865,21.7839330863809,-136.238460562607
15.687,362.926398506021,-7.93917697034481
15.6875,734.733537902713,176.013543158918
15.688,1035.00151306813,358.757745952978
15.6885,1240.36065809166,479.672753934577
15.689,1375.76067720294,527.097671015082
15.6895,1442.89249619183,533.100181683529
15.69,1424.91834713823,529.071777541431
15.6905,1336.94691845675,523.830685530634
15.691,1221.79884617818,522.601008473861
15.6915,1099.67660315348,544.215887928277
15.692,958.705299051062,602.613775187983
15.6925,791.767179126101,678.300401435278
15.693,605.393971782748,725.279815103998
15.6935,389.957945399923,710.460104520744
15.694,121.266252063668,636.320321793501
15.6945,-189.043066161566,520.38061632652
15.695,-469.600101392464,365.765939226549
15.6955,-637.019599057335,168.878102707227
15.696,-658.776586219686,-47.8246694746965
15.6965,-564.128476838558,-234.522028020984
15.697,-413.418520243698,-358.939539847658
15.6975,-268.760211557797,-438.687732834873
15.698,-173.579318641349,-511.818941799736
15.6985,-136.168342215142,-584.38792975607
15.699,-135.923130093277,-627.280045385139
15.6995,-155.683081750361,-619.12461782404
15.7,-198.61982600839,-568.035313601302
15.7005,-264.136557498326,-492.310709513844
15.701,-324.988242958859,-409.110627290081
15.7015,-351.423161795441,-348.878419242993
15.702,-350.567721261775,-348.040338136452
15.7025,-357.984890931914,-407.062650668734
15.703,-390.399877509858,-480.00148762824
15.7035,-427.876425978776,-527.545787924664
15.704,-445.633527658719,-557.47128243504
15.7045,-443.292700275806,-587.15991527333
15.705,-435.962454076923,-591.839224420065
15.7055,-434.650726791708,-530.086367809385
15.706,-445.236043428171,-407.238849707048
15.7065,-470.216123435403,-269.995237160502
15.707,-497.329999648871,-141.826335565227
15.7075,-498.260767147296,-8.37668277129608
15.708,-454.895866556464,129.071798705985
15.7085,-381.989649799505,234.996685481664
15.709,-311.595040357012,296.000553801107
15.7095,-258.932139186413,355.496819954047
15.71,-213.816953765615,458.713275971895
15.7105,-161.4759353402,585.86300853912
15.711,-101.12005239148,669.762332359543
15.7115,-45.415924029355,664.634688438433
15.712,-7.02689980394896,572.618919585445
15.7125,20.810433899911,418.926053038013
15.713,75.9098195144506,233.772992900185
15.7135,205.424853368998,55.9195351868493
15.714,415.729294849849,-73.8875836278816
15.7145,650.723891302175,-132.011286614853
15.715,836.601204661374,-116.738651999764
15.7155,944.184284628963,-38.9979207827954
15.716,994.062648126298,81.2726802216596
15.7165,1012.08441297015,218.140146227301
15.717,1004.83821007108,354.29772650038
15.7175,974.764857038491,488.683136590297
15.718,931.030297188104,619.545045219028
15.7185,879.725961191216,729.086105928382
15.719,822.138434629285,797.305060961742
15.7195,759.84992405055,819.755970569488
15.72,676.302882002582,795.600850920997
15.7205,520.572266286927,710.809314662842
15.721,253.012042172982,557.462405089862
15.7215,-83.1683784430347,365.253581845992
15.722,-380.354459359501,189.436292484583
15.7225,-578.608741703343,62.7659880737254
15.723,-718.536767570809,-27.5008379476575
15.7235,-854.278076801079,-116.723786476308
15.724,-959.569471112785,-229.944277052738
15.7245,-970.037127159338,-364.378870909231
15.725,-888.115599783661,-485.49378113209
15.7255,-786.818781867129,-545.473833011855
15.726,-720.941221978144,-527.523651116005
15.7265,-688.242733555446,-470.592090964899
15.727,-672.703881795334,-429.762554787034
15.7275,-670.066979933376,-414.982355662295
15.728,-664.167490437878,-392.75128123406
15.7285,-628.068621254107,-345.38607842086
15.729,-561.222990227475,-296.209037398019
15.7295,-483.424316475731,-268.767214530779
15.73,-382.973995106156,-253.690885272584
15.7305,-217.829312117889,-234.319027146429
15.731,14.8986488759791,-221.095055690361
15.7315,254.368821018107,-239.149907241626
15.732,442.342405074649,-297.783101685501
15.7325,576.796348969889,-390.410296536978
15.733,682.19752383567,-508.590804030083
15.7335,769.141436917531,-633.226106375922
15.734,846.470877939984,-720.870411942727
15.7345,929.356998107909,-723.539803064055
15.735,1004.58015276164,-628.441678994758
15.7355,1027.10466483834,-471.094180692684
15.736,981.492131484171,-308.209909249627
15.7365,903.838100421857,-176.00149292739
15.737,808.851563270564,-65.626826779488
15.7375,648.890640302981,60.8668209719094
15.738,401.623807436855,218.054230705143
15.7385,151.78086641544,361.812629122182
15.739,8.74189776544357,424.904743194938
15.7395,-34.6360734841615,387.573166076785
15.74,-84.3141878376944,288.675992666118
15.7405,-196.642555708584,168.416633146009
15.741,-326.65525277111,40.2468497711081
15.7415,-427.309601771384,-68.0564977180589
15.742,-515.249883945459,-95.54984738549
15.7425,-607.891199235714,-10.5138558620581
15.743,-666.996207129066,140.220948760194
15.7435,-654.081117949746,287.39812893719
15.744,-595.289136198799,419.755241652394
15.7445,-542.6883729515,562.456590858708
15.745,-502.623677405953,699.723065048447
15.7455,-446.954402630501,779.694850295352
15.746,-371.838087648359,788.934544446466
15.7465,-300.510306712633,761.280130376035
15.747,-239.504208343159,710.075260751971
15.7475,-172.053506792707,613.545721901837
15.748,-91.8981286491902,480.391663145525
15.7485,-10.6584503434532,366.924833972113
15.749,69.5138321518438,301.394783030413
15.7495,160.54106373339,245.415565998285
15.75,255.733990344265,161.900426101742
15.7505,314.341755415264,67.7099104171141
15.751,297.738903751839,-20.0170113531948
15.7515,217.264550640874,-133.301746354901
15.752,131.080680404253,-290.918165971928
15.7525,84.0736437663659,-431.999628023885
15.753,56.8120082388737,-485.434236864393
15.7535,-8.49585735394303,-480.220498272479
15.754,-127.582215066114,-508.781201636565
15.7545,-244.483986061963,-587.539396239893
15.755,-303.198240252854,-632.414470402134
15.7555,-326.847169820191,-584.114533151226
15.756,-386.699002620424,-483.072014503186
15.7565,-497.428930944845,-389.39807001645
15.757,-584.445963248829,-291.931542749753
15.7575,-565.563888060121,-145.147573458829
15.758,-433.867025829729,43.0268630032184
15.7585,-249.645075957456,209.339883824724
15.759,-81.0233277464665,302.278418689005
15.7595,34.8984402553297,315.182782066992
15.76,103.272158838366,268.099896629086
15.7605,163.813197469982,189.368222478144
15.761,250.803498360432,107.886982477232
15.7615,348.752784016013,41.7202795859653
15.762,410.575971521357,0.434300666139722
15.7625,424.682088348496,3.38366082198111
15.763,428.444747703042,66.003191581341
15.7635,443.872458808808,150.949689940291
15.764,443.978176232206,172.663482196633
15.7645,407.07975924009,90.1077399132242
15.765,359.923414150786,-33.5356378552657
15.7655,330.61046467721,-110.888791186862
15.766,299.119444080983,-148.705497449943
15.7665,241.208836407304,-228.99532930807
15.767,187.553503796026,-379.263819090285
15.7675,181.946812904744,-524.062494339727
15.768,201.337625974887,-578.079190552693
15.7685,178.408574103624,-533.097501864846
15.769,97.1781960896698,-432.270273254608
15.7695,9.15513747508041,-310.354766530451
15.77,-45.9436360996154,-192.270107708577
15.7705,-78.7922809955282,-105.012328096049
15.771,-100.573134719873,-42.7153138657462
15.7715,-90.5432116268997,54.4986579908097
15.772,-38.2425728846737,239.233456606634
15.7725,23.4352525171464,483.598426172936
15.773,55.7036589363781,701.617146211478
15.7735,56.9560104756028,832.970129422864
15.774,46.6217467627078,870.440601156997
15.7745,29.6257439419747,818.925416942373
15.775,-3.74888384552329,674.473958516255
15.7755,-60.7458671768392,448.232964705017
15.776,-140.091426758898,173.300893342942
15.7765,-221.946796998942,-121.528539365402
15.777,-258.266405948796,-416.318516671804
15.7775,-205.921241383764,-675.285026454682
15.778,-85.5038390867384,-851.987114463366
15.7785,23.6297951573211,-929.33908336808
15.779,67.8890476060311,-923.928169009382
15.7795,71.4559662185554,-842.088796936864
15.78,83.029856112053,-669.324219723811
15.7805,104.360087810035,-421.792575433976
15.781,107.682183493236,-169.198908101075
15.7815,99.2341461150106,28.7462983522647
15.782,117.793906054318,185.783692032165
15.7825,173.716114937298,356.17149739557
15.783,230.043015531242,556.814780904871
15.7835,252.217959726605,756.765693261313
15.784,245.952739228919,928.928977241077
15.7845,232.138741052827,1069.71328660386
15.785,206.219127341426,1168.25948632068
15.7855,142.907637594909,1195.29390862722
15.786,36.8849737620375,1132.95925606442
15.7865,-74.684736879237,988.343180695438
15.787,-138.07761105637,770.078499768568
15.7875,-134.709408724305,480.698510904965
15.788,-103.843140222733,146.515130670772
15.7885,-105.286955131208,-170.023843125573
15.789,-160.560383742253,-410.222129652348
15.7895,-243.149311825456,-561.618941484751
15.79,-324.226633645761,-648.810521052311
15.7905,-403.135128027144,-695.322375053879
15.791,-483.314891997742,-709.37100905874
15.7915,-546.452392838048,-696.194444357676
15.792,-575.945823279048,-664.455565712555
15.7925,-588.254604155925,-619.545367429222
15.793,-611.238730749407,-561.995900465728
15.7935,-640.243641575554,-495.352713940478
15.794,-644.823183506899,-431.006373242663
15.7945,-614.946611081095,-384.199540312431
15.795,-570.520185394757,-364.767502695175
15.7955,-523.263986891286,-366.695329364412
15.796,-459.162277033244,-364.658164397915
15.7965,-368.523866813134,-327.073610651376
15.797,-268.29259441091,-239.193375003352
15.7975,-179.931616900514,-115.05926981642
15.798,-104.019750677871,11.6576676235843
15.7985,-32.51409541124,107.915282417035
15.799,28.6706004306927,160.26307024663
15.7995,67.6024617790028,184.36581244948
15.8,89.125845278693,214.415871226319
15.8005,113.501309752501,272.399639369231
15.801,154.797809116251,344.016094392187
15.8015,212.663355116157,388.450727416611
15.802,284.660008501552,370.754194827246
15.8025,376.993220730234,283.916454779202
15.803,501.202005899517,151.968854894354
15.8035,663.588805975196,24.3833050770736
15.804,853.806457085129,-44.016563489265
15.8045,1037.33271306647,-32.0196571330217
15.805,1165.15396472051,25.2430587309603
15.8055,1206.44885751486,66.7813897077605
15.806,1178.05685027846,59.6233651801315
15.8065,1132.18632129269,11.4575138905283
15.807,1104.90623859686,-59.9233135347207
15.8075,1079.81931636592,-142.985584072779
15.808,1010.0930231456,-218.660031119557
15.8085,871.076444829346,-260.495993889102
15.809,678.431669777274,-260.896241076493
15.8095,459.162820402733,-237.915549990614
15.81,228.941072929458,-208.69882911582
15.8105,5.29558417383519,-177.348052962859
15.811,-186.340153380372,-155.519885450515
15.8115,-345.475178219914,-167.402875873118
15.812,-512.959829077082,-218.061166693457
15.8125,-715.696103808407,-278.40539111132
15.813,-905.165839463789,-317.959957445865
15.8135,-996.928420079237,-333.017692550216
15.814,-974.314539169338,-326.761960001692
15.8145,-905.647776952215,-283.355791799119
15.815,-847.406812239137,-183.420152417383
15.8155,-784.314461809754,-30.6267484395405
15.816,-692.243256110439,153.657412462309
15.8165,-603.234943284845,345.605479896627
15.817,-556.75924828251,514.59797602043
15.8175,-528.995431043889,628.197207198164
15.818,-472.957299321447,685.998186695339
15.8185,-399.388489712079,730.08821480623
15.819,-347.985996978397,796.999748368322
15.8195,-296.501582900384,875.774505823097
15.82,-178.734775018527,937.267085502612
15.8205,4.02335102530137,983.464517665458
15.821,166.906480050737,1033.69586632508
15.8215,254.09021654374,1075.94440001018
15.822,295.841807709797,1070.38984962908
15.8225,328.216734370479,1000.8552856824
15.823,329.734427642769,893.986788625469
15.8235,281.057942431955,785.017474650158
15.824,223.047544131965,682.014724044481
15.8245,199.839248012878,558.664951243496
15.825,194.778137249122,368.369609518687
15.8255,179.77750167867,81.2449284252785
15.826,179.949136937453,-272.523524116681
15.8265,220.512067444517,-613.494106544182
15.827,247.956754052624,-888.405263422093
15.8275,184.825188828757,-1113.0087765591
15.828,45.6039049961121,-1319.11592280434
15.8285,-78.8248660240339,-1497.73015330047
15.829,-144.881880116149,-1635.00182954801
15.8295,-188.215442559266,-1761.84731643527
15.83,-231.285119870368,-1900.5591546757
15.8305,-241.520630178903,-1987.56022248504
15.831,-204.982514060319,-1928.04328779866
15.8315,-169.607424360661,-1720.9199295516
15.832,-176.444653160339,-1450.72737077281
15.8325,-202.131701418181,-1153.54846757341
15.833,-209.596977468412,-779.009404393741
15.8335,-209.74154094685,-307.557924546543
15.834,-227.720701740695,181.957454830041
15.8345,-243.285038039976,605.147462561627
15.835,-214.058855045195,957.689348431297
15.8355,-140.430616537207,1254.89300363864
15.836,-66.7127420243493,1453.02231130977
15.8365,-27.3721903445827,1500.14725404743
15.837,-22.4706223973057,1419.13242290469
15.8375,-36.6463809698108,1269.8125472339
15.838,-54.9796779548146,1059.8464462392
15.8385,-65.24127535891,760.927810587777
15.839,-62.5147497330818,394.899983525531
15.8395,-43.7476651052463,41.9301353903751
15.84,11.0469602024164,-228.596384752983
15.8405,129.625618946339,-388.06009536701
15.841,302.386958134673,-427.461755369467
15.8415,471.848370783169,-362.657523762313
15.842,592.135969823679,-254.676821385558
15.8425,675.560243065692,-173.440142968434
15.843,751.166801737611,-136.753536228788
15.8435,802.38942926549,-116.713455716773
15.844,787.774846593071,-94.6648071743389
15.8445,709.826171131323,-72.7164578043012
15.845,617.634061949371,-46.4604791001108
15.8455,541.222943899983,-10.3406848471178
15.846,461.741929888295,20.7922368527732
15.8465,349.525623892417,36.662046646044
15.847,194.803444089369,62.8735065968123
15.8475,-5.1216065415858,123.018306418794
15.848,-248.603363286184,189.789257730266
15.8485,-499.099643079437,229.201196177278
15.849,-681.73688291594,275.456031246356
15.8495,-739.767425846793,392.780137338496
15.85,-686.96581112642,566.627545773645
15.8505,-589.951407150722,704.007579828943
15.851,-505.70581334758,749.205339197619
15.8515,-442.191092038532,729.410499964556
15.852,-365.582796893438,672.124963238639
15.8525,-234.130949004587,552.805194561063
15.853,-35.8312270017231,357.231716040438
15.8535,191.706259105218,132.001707963419
15.854,378.779444082416,-67.4738871497306
15.8545,469.078502438745,-229.038600937857
15.855,454.065037666682,-349.789215916392
15.8555,370.012543074543,-404.758162129615
15.856,266.618838200549,-393.444542902104
15.8565,172.559267810026,-368.612071433287
15.857,84.3881301403753,-366.777509053459
15.8575,-6.40065441792136,-347.090943308985
15.858,-77.0575429738273,-249.973392117924
15.8585,-90.0183348187447,-85.2815529996974
15.859,-62.4707752059526,86.658221920789
15.8595,-86.4118933830123,230.554983544305
15.86,-231.372842140514,338.233530764913
15.8605,-437.17841968492,381.924479346656
15.861,-558.999285082929,329.672428722294
15.8615,-530.653073161387,200.716661986066
15.862,-432.74765241242,51.9027700817397
15.8625,-375.802994077002,-90.8131117670036
15.863,-366.232520740519,-245.086420420919
15.8635,-330.872078063687,-422.659052321827
15.864,-236.081497152673,-611.319243959043
15.8645,-123.524049131144,-801.685904349526
15.865,-40.7578131553026,-986.35174136792
15.8655,7.11911197229486,-1132.32082493812
15.866,31.5682266819939,-1197.73199481474
15.8665,34.1614760815021,-1178.47351719204
15.867,22.9252220657037,-1098.90231198097
15.8675,19.6914505982363,-959.935160710718
15.868,29.6473024840685,-745.343204453628
15.8685,27.7728390736446,-481.399800328199
15.869,-4.17963755311056,-232.045133438186
15.8695,-46.2675452629976,-15.3903333369005
15.87,-67.3108421004778,222.952761651917
15.8705,-70.5177541446177,524.100750508024
15.871,-89.8833139544092,847.090922954717
15.8715,-143.712939888924,1119.40145873711
15.872,-206.739982645509,1317.3303142313
15.8725,-229.275715286784,1454.27297177894
15.873,-177.995618799647,1519.57206682473
15.8735,-62.9166383016123,1481.8418570654
15.874,68.7260570610075,1344.85796746671
15.8745,171.35650181301,1154.56253995047
15.875,242.484444539088,944.641158271135
15.8755,320.995340178099,706.720452675381
15.876,437.568607054511,422.575863730196
15.8765,574.640623467604,102.394286083742
15.877,686.219136703772,-218.441262973245
15.8775,749.174124119949,-504.886950790338
15.878,776.478382779162,-735.94426653463
15.8785,779.85780073121,-902.040079905394
15.879,741.683571519882,-996.340337920867
15.8795,639.918473909525,-1011.2564505384
15.88,491.050071719282,-951.459970861025
15.8805,346.779369850322,-852.371762947489
15.881,241.04004378726,-766.906203229526
15.8815,152.680652085387,-715.048864297385
15.882,33.7759946465884,-657.275108117821
15.8825,-129.062113973712,-542.157692526592
15.883,-296.984243448735,-378.469825814123
15.8835,-426.105614351802,-235.238195550612
15.884,-515.711985923031,-162.355031472207
15.8845,-594.127524327544,-129.895183447482
15.885,-667.21773230037,-59.5444631573308
15.8855,-706.337383669935,92.7956678977475
15.886,-692.262259831463,295.583927034768
15.8865,-648.008008469285,475.10524285081
15.887,-610.679411277928,578.156384395937
15.8875,-582.552321407351,601.639556074973
15.888,-529.11000034172,570.404870855814
15.8885,-422.385336258347,497.804666301111
15.889,-271.197610802584,376.600536977917
15.8895,-110.16091226965,206.649174950274
15.89,26.4390170672056,16.9283087161828
15.8905,119.500073035234,-151.016401131021
15.891,169.907554082918,-274.293888449622
15.8915,195.162687582946,-351.573283579333
15.892,212.86884206777,-381.476948834413
15.8925,226.239996855242,-355.076940795939
15.893,235.737905521413,-270.53776091401
15.8935,260.618789643681,-141.815698899264
15.894,325.227824923981,8.11349667837458
15.8945,415.453733341359,152.600446931098
15.895,473.619510829907,267.950713158568
15.8955,459.315053085136,357.280710875375
15.896,401.452437144559,463.939611086559
15.8965,364.642035130197,627.505442414207
15.897,370.920751092952,816.676209854288
15.8975,381.726854157583,941.718862980701
15.898,356.151821467056,956.251230080505
15.8985,296.781456438072,911.790021811649
15.899,227.939229739415,874.497415185538
15.8995,155.234323110709,819.441893472283
15.9,67.2255416860582,666.11176898259
15.9005,-36.3610689399343,408.54663302906
15.901,-136.023214563435,142.303981133427
15.9015,-205.683370774741,-54.2820722751741
15.902,-225.879822135039,-204.029158976717
15.9025,-197.703390180399,-362.171936015311
15.903,-157.012603951654,-519.14018922929
15.9035,-159.764410368244,-628.765671606693
15.904,-231.957288961649,-699.199066731101
15.9045,-340.415861273219,-786.840171060844
15.905,-430.101194842113,-905.443708529242
15.9055,-482.222463213669,-1002.37809794357
15.906,-516.841742152126,-1033.73099186219
15.9065,-548.7723564504,-1007.55293449044
15.907,-569.373256965799,-932.567224515611
15.9075,-570.651660714148,-776.793595229555
15.908,-557.816750179266,-517.746517929464
15.9085,-529.821301159147,-201.403390308926
15.909,-471.081534756172,94.2940083205895
15.9095,-373.804157103895,341.29544730031
15.91,-251.594029674927,566.561804477315
15.9105,-123.149792794399,779.053785567554
15.911,1.21049947004264,930.660767443199
15.9115,112.561480027268,962.040830872005
15.912,203.724337255281,861.777377591988
15.9125,281.84716215285,664.697232870857
15.913,356.353662928956,409.765850733788
15.9135,408.747199462824,120.341875097124
15.914,408.11496374435,-180.953126005427
15.9145,371.921820873874,-461.169544186211
15.915,371.077186868847,-691.50391722962
15.9155,440.011589955307,-863.5353292793
15.916,513.908684408892,-979.725045997146
15.9165,503.057788397911,-1032.63590061235
15.917,411.332457804463,-1009.28051656937
15.9175,327.243125274213,-918.017711732278
15.918,301.762698744914,-791.675771459298
15.9185,291.910353723763,-651.863881525498
15.919,238.961095344441,-489.349454455203
15.9195,150.839312749841,-302.802912723797
15.92,76.8094875490888,-140.263031345053
15.9205,36.5354263518744,-61.5742966770873
15.921,9.16193589406129,-55.5216735251057
15.9215,-28.9000538989385,-34.295152880923
15.922,-86.4136723968705,68.9656072018149
15.9225,-161.618732880262,228.227537402117
15.923,-234.658457470341,378.161694741857
15.9235,-266.899221152972,512.549669795988
15.924,-236.77576159114,684.481856992277
15.9245,-171.636990225663,913.474626255353
15.925,-119.932997220826,1137.88525698306
15.9255,-96.05318625078,1278.11647523752
15.926,-75.7285801331907,1318.2293930501
15.9265,-41.1027827929949,1299.36427496676
15.927,-2.10776868952458,1249.17284686262
15.9275,29.8911442238251,1150.95676914873
15.928,62.4340488740393,985.172000694421
15.9285,104.443841562525,770.256206455816
15.929,147.881264127562,538.596369331354
15.9295,180.210283215218,287.123079301122
15.93,201.876424822423,-13.5563345770041
15.9305,219.302139343208,-354.311799937846
15.931,230.487632602888,-664.109946124103
15.9315,228.27357266721,-875.334800394442
15.932,209.735015805978,-990.675620309652
15.9325,173.472104748986,-1054.08275324846
15.933,116.951282433479,-1073.88504897633
15.9335,46.3012205777234,-1022.55487496337
15.934,-22.907441859755,-911.518125166574
15.9345,-90.2102394766838,-808.173503244231
15.935,-185.247411996668,-749.781084864492
15.9355,-332.949610457108,-684.254451576508
15.936,-501.492417246586,-540.756374224954
15.9365,-610.465511288685,-333.715838983489
15.937,-607.434732390103,-147.195548931663
15.9375,-523.697779827121,-23.6583877780957
15.938,-438.401756794946,82.7685296829096
15.9385,-396.563312861439,230.732388424377
15.939,-379.864558117217,406.063177137604
15.9395,-350.995452340901,534.849196804266
15.94,-301.180005401146,565.848426632325
15.9405,-247.03100922007,520.906270539024
15.941,-200.513762487435,466.375429772189
15.9415,-156.793492403853,444.024054024577
15.942,-102.365152254859,435.165739553922
15.9425,-23.4958864943315,398.869598137795
15.943,86.4297869707294,343.751893448375
15.9435,216.729172795456,340.953039276421
15.944,340.241335003139,447.473819349715
15.9445,432.459080982234,629.041404204909
15.945,487.174987341065,784.211143333059
15.9455,510.800827732219,843.632145591538
15.946,511.848905350303,824.852847232217
15.9465,502.934864483203,789.268850163663
15.947,500.070177243224,767.184605107818
15.9475,507.341351920972,731.782372141825
15.948,512.378381298911,629.742834311134
15.9485,507.565852229926,427.953650830426
15.949,498.503066806059,138.965259614401
15.9495,472.772978382179,-193.68648685332
15.95,382.629295617036,-536.815374423059
15.9505,198.452573580058,-886.308948341541
15.951,-24.496516686746,-1235.55715746501
15.9515,-175.404105979403,-1541.6065163732
15.952,-199.118530791529,-1751.56181728409
15.9525,-150.365496130555,-1859.70092050309
15.953,-125.005077603221,-1904.54900136268
15.9535,-165.705895717481,-1898.27366640154
15.954,-250.270782822842,-1791.29226650911
15.9545,-339.416579575171,-1533.93465098065
15.955,-404.175587889897,-1154.54234095326
15.9555,-425.294318068227,-742.22051182416
15.956,-401.447470438048,-352.904014361723
15.9565,-357.897619422984,36.3917258524745
15.957,-327.003921637778,465.377454753878
15.9575,-320.531075159568,904.267357900354
15.958,-328.590348528254,1257.63356943917
15.9585,-331.548210097036,1454.42042999888
15.959,-301.110917624578,1511.11328256733
15.9595,-212.40314517151,1494.82055578525
15.96,-79.9889038485561,1443.25438994551
15.9605,35.6694156434942,1342.54975425211
15.961,87.8430427870783,1171.28010636718
15.9615,97.779562975368,934.544466096254
15.962,119.160181449689,652.182941431439
15.9625,161.488988725593,342.736877688344
15.963,187.927312532789,29.034271195701
15.9635,182.749442766553,-266.484719781389
15.964,173.217733935665,-544.233348994239
15.9645,174.834168587508,-817.386498401638
15.965,159.345043107716,-1061.83071404944
15.9655,100.097927318221,-1206.34860649646
15.966,16.2603323898773,-1201.99560848668
15.9665,-54.2812501804288,-1080.31404957416
15.967,-101.943576268169,-913.446693270908
15.9675,-140.219502588243,-736.125305531662
15.968,-173.532107909185,-538.587523251005
15.9685,-196.99644020745,-314.997106494131
15.969,-214.63539537988,-76.115224624316
15.9695,-232.651561826692,174.397671864238
15.97,-242.792791876542,431.612937607715
15.9705,-233.292645413353,660.395627218126
15.971,-209.685831738023,815.429072916358
15.9715,-187.647799245877,888.616829205269
15.972,-173.053835192133,898.504959177025
15.9725,-164.17914694775,840.718337646174
15.973,-161.705199138831,701.094526050349
15.9735,-157.764105856248,519.932444260625
15.974,-127.430781210644,382.374068114806
15.9745,-55.4697673956111,322.262333548871
15.975,35.1436107683608,284.418566721764
15.9755,105.394659399131,207.642880875107
15.976,147.662821254609,99.0071828529099
15.9765,188.939822841771,-2.94160969534337
15.977,249.729490647545,-89.7945900218368
15.9775,323.402944608972,-165.409543658241
15.978,397.06338054101,-206.937376698769
15.9785,470.445613364129,-196.691067225774
15.979,550.056382642885,-168.394626144863
15.9795,640.982319974718,-169.418757534351
15.98,742.057294741084,-190.572277402961
15.9805,828.518904346518,-182.160410352551
15.981,845.109305222356,-132.361321008509
15.9815,749.073812365592,-82.0363006289072
15.982,566.640324028325,-61.5349550202445
15.9825,376.555136733918,-57.0927337282245
15.983,226.263010438185,-46.4047195854714
15.9835,94.1431728476921,-27.254848648237
15.984,-49.9433820897758,1.08772293033997
15.9845,-181.015089027058,49.0464667828473
15.985,-248.084570143261,111.314781080577
15.9855,-247.198751872839,157.069212540231
15.986,-230.204552352303,162.992189431319
15.9865,-245.068236825135,134.531358306538
15.987,-292.694587559336,79.9184633263763
15.9875,-339.942113027964,-11.3640170735359
15.988,-353.827676137253,-138.949911944904
15.9885,-324.485292495761,-256.884307047922
15.989,-272.161498390705,-300.369940406787
15.9895,-229.718689913844,-249.837499407149
15.99,-205.979051649273,-149.385257607831
15.9905,-177.031155183601,-57.9181712782859
15.991,-130.989748787326,2.10697932799953
15.9915,-104.059878067651,41.4011685676742
15.992,-139.301021115156,67.2637529470289
15.9925,-217.015181887905,70.6640953626911
15.993,-265.571193431587,48.6463506634482
15.9935,-247.746912257901,21.4599278541919
15.994,-200.489197871404,17.2443066169956
15.9945,-175.42565185213,47.5156974234099
15.995,-173.437285148006,104.696140061041
15.9955,-160.598948437345,173.654316482091
15.996,-122.542891583259,235.510164169648
15.9965,-74.7326575372505,273.26501567927
15.997,-33.8633874546604,293.623992492285
15.9975,-4.30356476651197,334.641131281003
15.998,15.3517454424332,424.164013273804
15.9985,29.532960628482,529.038482946628
15.999,38.0729676122281,572.260682740155
15.9995,17.7057957454003,507.932466748934
16,-66.2517706710721,355.297711669955
16.0005,-203.043657409265,153.273924093933
16.001,-311.645729862146,-83.3622622147826
16.0015,-312.651087026825,-340.838686284485
16.002,-219.516703744428,-572.098325558727
16.0025,-120.288923690216,-725.956719502956
16.003,-69.3988253092618,-802.208359914137
16.0035,-40.1422962429725,-846.430099568387
16.004,6.08275210106718,-891.644159946194
16.0045,50.2009197783711,-929.360461820703
16.005,46.0147679580915,-936.368718339325
16.0055,-9.86063081997393,-904.50875769983
16.006,-75.0102629583175,-837.837709568046
16.0065,-113.976575665685,-739.380932860309
16.007,-123.367423312841,-612.832320282772
16.0075,-113.790021050809,-473.546647952528
16.008,-96.6900208969795,-352.366422440703
16.0085,-86.0778728496212,-279.378730431053
16.009,-86.5122923225118,-248.123191545434
16.0095,-78.1180028867285,-198.473075428053
16.01,-35.6386651036797,-65.3346030635026
16.0105,37.0545027575582,141.289565565136
16.011,112.881912711066,334.962071308488
16.0115,180.660108580918,455.915988857327
16.012,250.756267091706,544.470227453278
16.0125,316.882235033954,672.624920588919
16.013,344.406723328264,827.510126799904
16.0135,316.316502997422,916.767179736947
16.014,267.768474366975,882.319106326356
16.0145,249.116061289454,753.797659193551
16.015,266.376420980968,585.997475148722
16.0155,281.921371373384,402.639881398329
16.016,266.507383813217,222.587861935739
16.0165,226.136997293157,85.5883804777258
16.017,179.770749374421,10.0213826933792
16.0175,136.346249508641,-41.0193359463513
16.018,101.200025272615,-109.38356799294
16.0185,85.4066570549798,-176.579747860229
16.019,96.1967301624604,-183.100512800843
16.0195,128.14768753684,-98.2374444589546
16.02,171.399615274265,58.1142370135382
16.0205,218.585805950314,245.045260687978
16.021,257.460714532846,417.593878670798
16.0215,270.100601491292,528.564627698678
16.022,252.030740263583,554.222414752934
16.0225,223.361445718156,517.286375932766
16.023,206.576465210296,452.52120566164
16.0235,197.670778440639,353.752163656959
16.024,173.472659424174,192.923766208586
16.0245,125.939198261151,-6.85075152000324
16.025,73.8046932026342,-163.436743777001
16.0255,36.0894092155903,-223.326770449642
16.026,6.58913662520588,-224.283279064838
16.0265,-37.1394478414714,-240.734859760998
16.027,-106.285491372611,-287.032393803595
16.0275,-189.226443452426,-306.530900046786
16.028,-262.548091414215,-246.92499491129
16.0285,-307.350971730853,-114.989298227566
16.029,-318.865749860852,44.3238327542987
16.0295,-307.619639619542,195.085250226808
16.03,-290.710125994633,325.005015842549
16.0305,-277.368269022982,431.140485068672
16.031,-264.126735064199,508.154086013671
16.0315,-247.177567972472,547.273515483313
16.032,-234.53012788652,538.475707388908
16.0325,-236.884900613001,476.302002738496
16.033,-246.761687395321,368.75792576294
16.0335,-237.205049179458,236.84652186582
16.034,-187.868735885724,99.8222994333534
16.0345,-107.801764711998,-35.5004312864361
16.035,-26.2468293922087,-164.803712051722
16.0355,36.231923273437,-271.93127347962
16.036,80.2127089298881,-340.366572340368
16.0365,111.593903401037,-384.634863472171
16.037,122.907825292112,-455.605319644106
16.0375,98.5569946520455,-595.396882410587
16.038,37.4121713158099,-785.455577335361
16.0385,-37.1984836571915,-953.946645606136
16.039,-94.909439186641,-1042.74877310466
16.0395,-124.41331311999,-1058.50092893214
16.04,-138.491703568576,-1049.55199357324
16.0405,-152.410547274274,-1043.0384958958
16.041,-161.140724751568,-1020.73803894036
16.0415,-143.067222819947,-951.822282954628
16.042,-87.8691704943002,-825.758071484475
16.0425,-16.753209346031,-644.447963161858
16.043,31.507126137784,-404.689015639875
16.0435,37.1809113553312,-113.838276860323
16.044,17.6862815367833,182.755177220332
16.0445,3.75541179905119,416.494693058043
16.045,1.05495000509907,548.399458531625
16.0455,-13.8296942034403,594.955703548658
16.046,-56.9962014157471,595.303372228163
16.0465,-110.493893172716,568.431748651726
16.047,-144.343319904161,515.826625634835
16.0475,-156.347119695825,452.104538022611
16.048,-170.172122141476,407.798627069759
16.0485,-193.929171190176,398.654788554058
16.049,-204.521809809884,409.630829151202
16.0495,-185.927201695777,416.269503724541
16.05,-162.315184686857,408.423857123918
16.0505,-167.051965204941,384.667060430932
16.051,-185.970845730802,338.659600770977
16.0515,-161.168621317003,269.957753028784
16.052,-59.4814699073722,202.239802131035
16.0525,84.7247879399607,167.068560409909
16.053,208.967703162664,162.101583518379
16.0535,288.836594168573,145.484828064797
16.054,347.114230700783,90.3306225390814
16.0545,407.164027770455,33.326944817506
16.055,459.727165577387,42.4234347759005
16.0555,478.090749819679,133.489960501899
16.056,449.931237716148,245.964577071314
16.0565,387.020530910631,316.118042520839
16.057,311.307787163482,349.169385673571
16.0575,235.427258195323,387.707923756795
16.058,152.101022612468,423.107766755525
16.0585,44.8473460364542,384.783033573325
16.059,-80.1884829907143,230.915352483257
16.0595,-174.985501496111,13.2827670720801
16.06,-182.704446131718,-174.816259053675
16.0605,-102.518102794294,-290.158470155825
16.061,-6.07211415266605,-347.70790842175
16.0615,32.4168349854883,-357.656916686577
16.062,17.668279759014,-301.490170016709
16.0625,21.7599321924958,-176.61901888652
16.063,88.3622271964415,-26.4580840358436
16.0635,175.870991328394,96.4103194806632
16.064,215.60315518399,180.234021985581
16.0645,207.643081508187,251.724368077576
16.065,224.93771210742,335.087625514006
16.0655,318.953004229677,424.943379516497
16.066,449.936202848908,490.981949973538
16.0665,527.674548876884,500.867862761912
16.067,504.439485097232,446.920397218798
16.0675,407.90250533039,356.462513105362
16.068,293.093469916833,265.843508696155
16.0685,187.15079238858,177.213152951996
16.069,83.375642203222,51.1558516205458
16.0695,-31.380056780903,-148.784511353134
16.07,-154.836690283504,-410.668176029365
16.0705,-266.517561588079,-678.56113664465
16.071,-342.463155665941,-894.392789256809
16.0715,-380.70479055388,-1030.95237051493
16.072,-411.781822306708,-1094.84127237054
16.0725,-469.292207632428,-1108.79810318259
16.073,-545.789882017366,-1090.08376019669
16.0735,-593.852375177407,-1042.16789976459
16.074,-579.107718575075,-967.45479140392
16.0745,-516.12878241746,-881.532538333556
16.075,-440.134720021251,-803.095892458665
16.0755,-361.300300625877,-731.920609683614
16.076,-268.457878052236,-651.389038755071
16.0765,-166.066499752683,-554.225052697435
16.077,-79.1157001897077,-452.053853150095
16.0775,-19.7800659320673,-358.218149896702
16.078,27.8476256904833,-274.138166309325
16.0785,82.1639754822362,-189.388375172028
16.079,138.657185816708,-76.4080629036882
16.0795,177.140859856419,109.27251400603
16.08,182.584845769137,391.445377141093
16.0805,152.824150668749,728.197201853737
16.081,95.2848636926504,1033.28714282671
16.0815,21.4048512723085,1252.6733812796
16.082,-61.6782076502715,1390.9654687204
16.0825,-153.436546945598,1454.83441680819
16.083,-245.786303303062,1416.56285533612
16.0835,-312.287546458935,1265.00676035976
16.084,-329.196352649732,1054.48042310975
16.0845,-307.240582002736,857.547570917054
16.085,-282.52868264566,690.638156910455
16.0855,-271.482120713228,528.699494867842
16.086,-254.695706726799,372.703760609886
16.0865,-211.680466475879,249.336714039486
16.087,-148.601603364184,150.214024350933
16.0875,-79.6095683794804,26.6958175642006
16.088,-4.16337549353582,-143.834172787113
16.0885,77.9765449456655,-329.090984026437
16.089,149.34932522979,-490.946825952822
16.0895,197.011985732692,-622.576870158207
16.09,238.027356112927,-718.660137472345
16.0905,296.459231317635,-745.674828394873
16.091,364.451528444618,-670.062820220922
16.0915,413.482083475762,-495.039270748242
16.092,438.333227392525,-249.649089017378
16.0925,460.164425598451,35.9947301126745
16.093,485.751909980458,320.432037693054
16.0935,493.862643015919,535.541905995511
16.094,470.390351830003,617.584351146117
16.0945,431.659339976495,561.409776079963
16.095,399.543277001035,431.106840373196
16.0955,371.007076588449,311.352070434598
16.096,324.735710822504,247.668469506049
16.0965,246.617022154812,227.565306136123
16.097,142.957099999322,213.320808601854
16.0975,41.8277610498492,189.047943350964
16.098,-17.4143266480028,166.176434824875
16.0985,-18.4079383172705,139.990376722385
16.099,0.431567528422219,66.0077734251938
16.0995,-26.3914865954373,-89.3794534846386
16.1,-114.946584453624,-284.550781712981
16.1005,-204.533554358951,-429.323264152914
16.101,-229.18126217679,-484.558975357766
16.1015,-198.576272397496,-500.334451283198
16.102,-178.728046938707,-538.969573623004
16.1025,-202.724407369477,-593.499135581056
16.103,-236.007011177617,-610.851321740369
16.1035,-234.327571224284,-573.908783240824
16.104,-204.218000653844,-526.956507974744
16.1045,-188.080912335966,-524.622575165261
16.105,-207.49664208892,-577.70923486286
16.1055,-241.503093781272,-645.81235203347
16.106,-254.501826518774,-666.911073491374
16.1065,-229.192600320887,-600.467839630301
16.107,-171.964845902805,-460.12079418965
16.1075,-99.1507164885993,-304.383212860896
16.108,-25.8022356107161,-185.141482587806
16.1085,35.6578704399458,-108.615226718912
16.109,74.0456332073321,-51.490327711147
16.1095,82.9708030676181,1.13933783939287
16.11,66.8805010507139,51.9877870907096
16.1105,40.3167852935122,112.521407268616
16.111,18.5747068146099,198.972626397316
16.1115,9.39507603582106,304.648019755989
16.112,12.3681762900829,399.320467019868
16.1125,21.6597294094665,467.278982709116
16.113,28.6941425543399,531.59613058126
16.1135,28.3167397554872,626.650574277026
16.114,24.6368361423614,751.856481563847
16.1145,24.3704697352637,864.082211538005
16.115,22.3123175129773,915.111395115075
16.1155,3.39983770771469,885.890074389118
16.116,-34.6976287368318,779.345865603739
16.1165,-72.0315159368098,591.483214323885
16.117,-90.4050880732087,310.6937457395
16.1175,-97.5965481716273,-44.4956210077949
16.118,-112.348710051982,-399.429974874366
16.1185,-131.835072263692,-655.951555583262
16.119,-134.680298845875,-760.556334907261
16.1195,-117.441707061602,-738.660533476321
16.12,-106.393831020458,-661.514557643174
16.1205,-121.973809185592,-581.658213516086
16.121,-146.707849357885,-498.324102782887
16.1215,-144.575358526533,-382.004283992267
16.122,-106.320346163722,-230.48743771339
16.1225,-60.7669170327697,-90.0415972705005
16.123,-39.9217473172255,-5.06848970747821
16.1235,-42.5834909889382,45.6466855317713
16.124,-37.5328263915738,126.207725368234
16.1245,-0.199682835378391,243.44252051626
16.125,57.441365556406,311.047979075554
16.1255,96.6944995750717,254.226106477823
16.126,94.8356020193395,122.296149339272
16.1265,76.1832648534123,42.2173786482618
16.127,93.4714437529783,70.0760292786478
16.1275,174.618166903345,147.655866378649
16.128,291.907209761667,208.572017379622
16.1285,387.485494568543,259.567068494258
16.129,426.753171412229,328.917449264432
16.1295,423.609782840399,394.390005039862
16.13,415.232629720823,411.81089282465
16.1305,416.157033068705,378.074337055246
16.131,400.651359899679,315.688685928032
16.1315,334.16681128006,220.28990147246
16.132,221.469233014736,76.8893526012121
16.1325,112.065158194647,-82.2480964789722
16.133,46.1664599183141,-186.826485066049
16.1335,2.90045288059164,-201.240411886877
16.134,-76.4671247045089,-153.512418947958
16.1345,-209.528211958375,-88.5187222295679
16.135,-338.225654814398,-23.9926493537692
16.1355,-388.213464958888,41.9923772578286
16.136,-348.516482461573,110.351840315414
16.1365,-273.48855584651,180.403776367205
16.137,-215.254790469235,249.398564193286
16.1375,-178.291103964494,300.481406553235
16.138,-140.802442505946,303.697410475753
16.1385,-96.0479109353971,238.046598991923
16.139,-59.5526955554048,107.931756651454
16.1395,-48.7270003908682,-60.3261670814801
16.14,-67.9713306749837,-229.465030519082
16.1405,-106.769170245557,-364.111913589516
16.141,-142.950530713047,-447.6338001972
16.1415,-154.280574966894,-487.69097505487
16.142,-137.072339524382,-498.225197747425
16.1425,-110.057636289464,-481.91534258152
16.143,-91.9613831627553,-439.332722072284
16.1435,-79.2178092073712,-384.210036952567
16.144,-54.3293064750861,-332.293856633586
16.1445,-11.9004672252965,-280.804607905497
16.145,35.2286783528276,-215.916575356237
16.1455,74.5189969223394,-136.772233924078
16.146,105.409823006762,-55.775278866124
16.1465,129.242021874944,21.5571052336022
16.147,139.582356048755,99.3695119518158
16.1475,130.484854945663,173.58729020976
16.148,106.518351487993,225.962353204561
16.1485,76.0472528314985,239.005828882646
16.149,40.8000754294876,208.787810451111
16.1495,2.59468688493983,143.882228203017
16.15,-23.6878123298617,57.6943902067989
16.1505,-18.0625634004224,-41.7225226765427
16.151,19.9390291349642,-156.282915329291
16.1515,64.9594196216928,-281.063648455347
16.152,90.9275562273282,-380.863157879314
16.1525,96.7086206914707,-406.384717802095
16.153,100.885450295631,-347.940682447696
16.1535,115.988512925119,-251.786238988188
16.154,134.868981225409,-164.821294210573
16.1545,139.921784859926,-86.4663178466907
16.155,119.567241212843,0.398343313453476
16.1555,77.9595221513709,79.1160156217876
16.156,34.9935831475447,121.427628230693
16.1565,14.0574074267344,142.640417735702
16.157,19.6094706341777,184.971631837358
16.1575,24.3786383808592,248.192951589875
16.158,-12.4567587983077,284.797846650765
16.1585,-107.107290724262,271.188394781536
16.159,-232.17359903944,238.677031670395
16.1595,-337.341439501651,220.994166574212
16.16,-386.875346780463,216.510402103916
16.1605,-378.358513688549,224.866478598492
16.161,-333.493510549659,275.349281149893
16.1615,-276.956951812884,376.632510374082
16.162,-221.080124165306,464.638491827908
16.1625,-165.723630141776,448.464854295571
16.163,-112.203765601051,307.273595310098
16.1635,-74.579636102348,111.597005623361
16.164,-68.1541529308032,-49.8009395933887
16.1645,-82.8796445362491,-136.534284943731
16.165,-79.0030213821843,-150.847252839131
16.1655,-22.4659084164331,-101.906664742324
16.166,76.8190640304485,-1.70914778340746
16.1665,172.183626876231,115.847237732526
16.167,225.56893953158,200.73534482791
16.1675,236.602379603638,224.086202047428
16.168,227.834571327595,200.195679508507
16.1685,215.881341320132,160.208099529113
16.169,204.309800539816,110.094733535253
16.1695,193.172121311636,30.5752234318096
16.17,182.232743731743,-82.0381231218287
16.1705,168.357362207922,-195.561054440328
16.171,150.820885445354,-271.915784712425
16.1715,138.469270539358,-301.534709893633
16.172,142.043386660179,-298.056767635835
16.1725,158.865530889069,-277.282979031925
16.173,174.314876540396,-256.411043700817
16.1735,180.109119361048,-255.198399127503
16.174,181.149676471395,-276.336327699141
16.1745,180.291587303165,-298.712644924383
16.175,167.543169094697,-309.984841420582
16.1755,133.816899490529,-327.743670159296
16.176,87.0242561386126,-363.318642787596
16.1765,41.2302025044355,-385.235697508439
16.177,-5.94967837100945,-354.055883202512
16.1775,-68.6871468292384,-278.80159287325
16.178,-142.962859694656,-199.299287450361
16.1785,-196.817834858342,-123.881295586139
16.179,-200.492146430054,-30.165721531377
16.1795,-157.859367034253,77.2970867503776
16.18,-99.4268646083857,160.787044482432
16.1805,-51.8146380178779,206.649506823745
16.181,-23.2913182456626,241.972543591719
16.1815,-10.8704738895613,284.375635215511
16.182,-6.90897632913135,320.019228219328
16.1825,-1.01326542026137,342.095696523824
16.183,10.7767523098641,362.453919773129
16.1835,17.3493801777616,368.381459362843
16.184,3.51833235943754,318.808760768832
16.1845,-30.0983555290665,209.826151868293
16.185,-68.8301806034206,97.7463845113685
16.1855,-104.699082938897,26.6316659761382
16.186,-141.232291804478,-23.8899470428597
16.1865,-175.369103960101,-86.1684567061774
16.187,-190.607099411146,-144.759820425255
16.1875,-176.040606423641,-169.500597154994
16.188,-140.033443239616,-167.239334937403
16.1885,-97.3657173689524,-153.090102596411
16.189,-55.0875453381284,-104.364112132807
16.1895,-19.656139238972,5.09966733286642
16.19,-3.87866538732628,150.176199102142
16.1905,-12.4486336168197,282.638597769515
16.191,-30.1921038707142,388.527370682291
16.1915,-39.2878241789504,467.159621120506
16.192,-41.0584061920874,482.804112973238
16.1925,-47.1851056588358,404.09655818868
16.193,-57.5145999110827,276.835447664017
16.1935,-63.1947145664201,187.15683405573
16.194,-65.8758035769282,151.69045458234
16.1945,-75.2023989203552,108.289416233674
16.195,-89.5496202040053,20.2009346137968
16.1955,-97.2638787217019,-77.5805467440306
16.196,-96.3568356547071,-150.448657953737
16.1965,-94.5275950873449,-214.012310679747
16.197,-88.3924443333768,-279.368457516262
16.1975,-62.5262300762012,-307.257263122341
16.198,-15.3230162655412,-264.259852889138
16.1985,31.2797220381762,-186.544602446486
16.199,56.6056799955645,-139.462901513156
16.1995,62.7972777694165,-136.074231181131
16.2,64.0913834579184,-139.089609457978
16.2005,66.8102094797741,-130.235856361621
16.201,68.3033038953031,-135.043048380866
16.2015,65.8086082755254,-177.002131493083
16.202,59.0930080467551,-239.163528923969
16.2025,52.8565839054658,-282.625570813029
16.203,61.0112233493968,-286.401381334072
16.2035,97.2806280832691,-257.567191265105
16.204,155.250783116045,-209.205331847411
16.2045,208.515962367652,-143.066799203183
16.205,237.364255209331,-64.1913745429432
16.2055,245.523189564451,-5.05627584069451
16.206,245.533850115233,-8.34928537680233
16.2065,240.270371260578,-71.528605871326
16.207,226.57388712534,-133.10328453972
16.2075,205.106970191652,-141.648010206668
16.208,177.678426425389,-119.067025720496
16.2085,144.853449468981,-118.590924657708
16.209,112.478637363605,-135.785757184
16.2095,87.4917274533926,-112.425083207775
16.21,60.3953045865649,-28.9332058169397
16.2105,9.22464854554778,61.1975724377971
16.211,-66.19281221066,104.751552416112
16.2115,-129.790702430855,108.423087224262
16.212,-146.442018811935,102.821370879364
16.2125,-123.596309504597,92.6173965082132
16.213,-101.142180153892,74.8536135968834
16.2135,-109.320220278731,69.194704443926
16.214,-148.720850447791,91.6075296675487
16.2145,-197.284317415221,124.001227298503
16.215,-219.742521207142,144.195310175296
16.2155,-184.97256236937,162.099965031293
16.216,-98.1075803779497,193.027265181581
16.2165,-7.94123348614332,220.553977408274
16.217,38.9758137380608,224.856233840564
16.2175,45.1076260159812,226.882004338882
16.218,44.3596997561121,261.385758517495
16.2185,50.4565981710121,320.08332234966
16.219,49.9371300872933,364.183594631565
16.2195,37.427401740716,382.668411792391
16.22,24.1610228429592,392.861467468378
16.2205,10.728462671711,388.149230030575
16.221,-17.6385479934194,334.381303154749
16.2215,-64.016091996437,227.155173893556
16.222,-116.095393073458,112.004391684155
16.2225,-173.194787763436,32.3391137440122
16.223,-244.94703859264,-14.9979066039275
16.2235,-314.149262607681,-64.2422499112498
16.224,-335.808813310745,-147.33601786377
16.2245,-293.892631476173,-277.524886206175
16.225,-232.352927380887,-431.013938316252
16.2255,-204.707409759225,-538.129780224617
16.226,-209.82199524434,-532.973012694148
16.2265,-199.616324752432,-430.849333149923
16.227,-136.920452056081,-322.726970022075
16.2275,-25.897884118444,-270.785750921372
16.228,102.48271476443,-241.12317258702
16.2285,214.247663924329,-167.214545617749
16.229,289.209441574682,-49.5588804832297
16.2295,332.132905099599,47.2556493499461
16.23,364.41687398574,80.2214110953727
16.2305,396.245483573166,69.5859438695412
16.231,416.37307693198,58.0981080098564
16.2315,415.797348656158,64.7599119675565
16.232,403.050462831358,85.5252764032617
16.2325,382.267573869748,111.260272403274
16.233,336.026177874484,131.769705361535
16.2335,251.224631294746,139.073214575759
16.234,145.935531018057,137.592596107209
16.2345,46.1676604283717,139.799020644715
16.235,-50.3955846273016,144.748207712104
16.2355,-158.749214534224,132.231525949846
16.236,-263.512295243332,86.627327944417
16.2365,-324.022891330392,18.5761060506866
16.237,-323.559392597292,-44.8487623166251
16.2375,-286.043468039801,-86.0091999404097
16.238,-239.994321541569,-105.996944268548
16.2385,-191.036103700647,-112.781014401808
16.239,-136.064292992219,-109.05224546815
16.2395,-80.128520411978,-93.6620446877933
16.24,-28.1749161470731,-70.3442218225681
16.2405,21.2293640255511,-49.7455183240975
16.241,63.432935591772,-40.294825137885
16.2415,85.4925539413965,-38.9458322982908
16.242,86.9692539210938,-35.4260335206613
16.2425,87.4028203762458,-25.2523883328989
16.243,100.05502998004,-11.3825245158459
16.2435,109.774886915007,9.33867288317825
16.244,90.3543111522484,50.8244092584946
16.2445,37.0714234392396,118.387517394399
16.245,-28.2027549823346,190.180883854262
16.2455,-78.7101524511988,231.062173173042
16.246,-101.923538599493,225.829816948434
16.2465,-103.549213968462,189.45185081869
16.247,-101.310867412869,145.066980367216
16.2475,-111.434179402273,103.864145129745
16.248,-134.978463513188,67.9581895603032
16.2485,-158.821121745,36.73015771643
16.249,-170.817994916495,-0.30734813497328
16.2495,-168.71756338905,-65.034996407565
16.25,-154.793202796988,-168.661947873782
16.2505,-131.853969639736,-290.545584037738
16.251,-107.331328201359,-392.186992276264
16.2515,-90.4469792438922,-452.608623561497
16.252,-79.7591537526402,-478.01685111747
16.2525,-62.9142205974679,-475.386611011721
16.253,-34.6402076964315,-432.96185321698
16.2535,-5.48035534102735,-339.855927644593
16.254,14.3397887709336,-217.195686242395
16.2545,30.1541568432777,-111.693270497601
16.255,52.9689986074702,-51.1984963690664
16.2555,82.4428325795048,-15.6559733553958
16.256,109.788761511804,36.2997295433607
16.2565,131.068769567753,112.665636482734
16.257,146.963320384601,172.898044967734
16.2575,154.908264950304,176.508764696169
16.258,153.614001765173,137.550829464466
16.2585,152.118629111284,111.689063854762
16.259,161.228620364206,127.508570670906
16.2595,175.772057135232,153.42866109254
16.26,177.612457053814,147.563158820431
16.2605,159.355282498527,119.896408537574
16.261,134.487890790458,115.749502458
16.2615,118.80395516611,146.084687625534
16.262,110.7850493463,170.953514517122
16.2625,98.2620509203334,159.912079646218
16.263,78.2152622786616,134.911400607981
16.2635,59.2629295397289,133.938202792611
16.264,45.5334452526743,160.087402351474
16.2645,29.0984863186172,193.134996370068
16.265,3.66481725783491,228.315992858881
16.2655,-21.6547948115284,268.570082383446
16.266,-31.2540347360837,292.56088466793
16.2665,-23.5336536610145,270.929847994891
16.267,-13.410780404523,212.443434713449
16.2675,-13.468851356179,156.159294898863
16.268,-21.994687962303,114.486053784497
16.2685,-33.4536791436772,63.1138667573041
16.269,-50.1818762202423,-2.50735701909222
16.2695,-74.0141046947046,-42.7128186726932
16.27,-93.7979201104621,-28.8617916425522
16.2705,-95.1703923973191,12.6696489821142
16.271,-81.9467869807303,42.6468002394198
16.2715,-75.5057692474402,64.5497444289719
16.272,-90.1677971566375,97.7377690739812
16.2725,-118.228944707149,116.933945445857
16.273,-141.992329600291,69.6964124293087
16.2735,-152.261132667302,-46.2555076846098
16.274,-151.90277303232,-168.077262136785
16.2745,-148.9417722792,-242.073606639203
16.275,-149.690329672041,-278.290706050481
16.2755,-151.800083711991,-314.480910292315
16.276,-140.986528895829,-354.068649198764
16.2765,-102.118903585715,-363.717117378419
16.277,-38.2707807770848,-318.246471152552
16.2775,26.4789594258194,-228.622730215608
16.278,66.5089859185498,-131.990417500158
16.2785,72.9511402683021,-65.4197469673911
16.279,53.9932868753679,-42.4414915254636
16.2795,27.0499961829144,-46.3559261549576
16.28,12.4947593022266,-51.507859414456
16.2805,22.9187878485351,-53.2743317159664
16.281,51.4821333119117,-66.310401485082
16.2815,79.0009685616943,-91.8352964846647
16.282,97.4764029853404,-104.974897626185
16.2825,116.63327741313,-84.3256552420366
16.283,141.704135433475,-38.926702541474
16.2835,158.280919660985,5.83564904324811
16.284,150.783210600522,35.6167916930198
16.2845,125.204043916609,48.3363012139594
16.285,99.3318277735977,43.3922595035052
16.2855,78.232148171911,27.6167821572937
16.286,54.5600661507546,21.1094196438239
16.2865,26.672214129383,37.1423473607881
16.287,-1.65139760792822,62.0538050133561
16.2875,-36.8419017242715,72.962455159895
16.288,-90.7756662004505,69.5594479362485
16.2885,-156.047836442521,68.5737103970223
16.289,-202.603829237101,71.3156958244459
16.2895,-207.584247342715,60.8301880919329
16.29,-178.492088806773,33.4549956743965
16.2905,-140.937680028213,9.68501536593538
16.291,-113.196463006005,5.35068349650627
16.2915,-98.4791226457257,11.5347358350344
16.292,-91.4350143283979,13.724639374534
16.2925,-82.4761357645135,13.304724467085
16.293,-61.554649752807,16.1849558647908
16.2935,-26.1645896917862,15.1355382781552
16.294,17.0677599348769,1.47300250551769
16.2945,62.516505375941,-14.7524156851464
16.295,110.940462813281,-14.8128732938967
16.2955,159.426243127315,2.22551917708601
16.296,193.960940139457,19.6607986251042
16.2965,202.306946326006,28.3389337539666
16.297,191.043113553219,35.3865225660303
16.2975,180.149392596596,46.3506631240273
16.298,181.118113367378,55.1319417758507
16.2985,187.957843386338,58.1791439353088
16.299,189.015314125681,64.8936704072527
16.2995,178.913119863312,83.3642799229388
16.3,157.191908958801,104.438491703508
16.3005,123.835357403833,110.977827486325
16.301,81.5972852590093,97.8349594414743
16.3015,38.0331802436253,72.3681224490006
16.302,-0.249481110622785,39.092585867763
16.3025,-33.3929877481946,-3.75021244553161
16.303,-64.5724214370612,-51.7536786813138
16.3035,-92.4340129274767,-90.101964091567
16.304,-111.468318290067,-106.855255379736
16.3045,-119.149567801293,-103.596792174196
16.305,-118.475573652112,-89.1770810318452
16.3055,-113.05770217289,-70.0581663719439
16.306,-104.101327272534,-51.4232608405918
16.3065,-94.4441722364102,-39.7416854205792
16.307,-91.422262220472,-36.0253219404491
16.3075,-100.094037566833,-32.0761859355805
16.308,-113.547022515638,-22.3895207866927
16.3085,-115.301780127502,-14.8879132477994
16.309,-95.6304973961042,-18.6497584446302
16.3095,-64.2297814516202,-24.712147393874
16.31,-42.3228620992034,-14.2767393349085
16.3105,-40.4267989357888,12.8623561664931
16.311,-46.9788869784065,34.7149861068112
16.3115,-42.7641846051454,38.5396812827681
16.312,-25.2959065442926,39.7622486338419
16.3125,-12.749825269424,56.8098241361437
16.313,-20.6387679393287,80.1818283504551
16.3135,-40.2090846225104,84.9616607714726
16.314,-47.9368472928479,67.6281914212515
16.3145,-35.367016105554,50.3542832893491
16.315,-20.2870864756498,48.6867461420662
16.3155,-24.5711595981026,53.743610094006
16.316,-48.3501015623393,51.0599114877231
16.3165,-72.5036429809999,39.9779068336808
16.317,-81.5690238691309,25.7169281746618
16.3175,-76.2706109927178,6.93922814253188
16.318,-65.8972525945869,-16.1862083955366
16.3185,-56.4970233451819,-31.9365434858448
16.319,-47.176210458059,-29.7526338263428
16.3195,-32.5694964260711,-18.0351734630595
16.32,-8.73375224585571,-15.8705769085402
16.3205,19.8725593038087,-29.2814994839699
16.321,41.9746517000155,-48.3874978993718
16.3215,53.0067740110794,-67.7127943753213
16.322,62.5277133527864,-95.104607673134
16.3225,80.2594160837244,-134.907449883073
16.323,99.9369594934393,-173.093903933636
16.3235,109.351185562339,-188.863695015069
16.324,113.237692689133,-176.749058645786
16.3245,129.708732943628,-148.714535551957
16.325,162.026384168463,-115.935838361081
16.3255,190.98049541848,-77.9578809821246
16.326,201.123050554294,-33.78439719763
16.3265,197.396523684468,3.99698032268958
16.327,186.237364713832,17.1814815103915
16.3275,158.25392697398,6.15050140532348
16.328,106.432415715565,-2.1999555515224
16.3285,48.2031745747504,21.7809787006679
16.329,8.63480906930888,81.0823207495908
16.3295,-11.563179678979,151.487244106732
16.33,-31.2572219015249,206.539445208391
16.3305,-56.2541093937831,234.800627251148
16.331,-73.2081441198088,235.58647066159
16.3315,-77.3301395645453,212.160872140149
16.332,-84.3903551771588,175.22293017285
16.3325,-106.435726909418,142.441210447278
16.333,-131.453525320054,124.345305210021
16.3335,-138.390179204638,114.8352590572
16.334,-122.719432677826,102.330166257351
16.3345,-97.7198740940298,85.1353435964438
16.335,-77.4728396237695,68.010245282735
16.3355,-66.8669320542347,48.3574665746046
16.336,-63.2760222570119,16.445246623429
16.3365,-60.4174821102574,-30.2716731953909
16.337,-52.3379590102732,-80.0065187321778
16.3375,-37.3891123131029,-114.493928130388
16.338,-16.6966469614823,-120.312784366262
16.3385,10.723187186413,-95.4444857786461
16.339,45.4223115528675,-51.2597972871251
16.3395,79.997691859616,-7.1339805171796
16.34,102.525570264374,22.5473528466772
16.3405,110.270727063623,36.1893137046291
16.341,112.293386777274,37.9130770031404
16.3415,115.461094404856,27.6433012593739
16.342,116.313633799426,3.56986615057544
16.3425,110.728169963119,-30.875985113904
16.343,101.958422317408,-70.4874915715753
16.3435,92.2658832961629,-114.642866390183
16.344,75.7183968320953,-161.180895013534
16.3445,49.457309760102,-197.306769907139
16.345,25.8024248452058,-207.623445476815
16.3455,20.5986465360492,-191.397395107478
16.346,30.4996055072667,-163.347315162151
16.3465,32.8908959949296,-137.741950514601
16.347,11.5301781191936,-119.395286137781
16.3475,-24.6836488202991,-107.83908549894
16.348,-52.1033712279303,-99.8635443316276
16.3485,-57.1845293110476,-88.6359585792665
16.349,-47.7451919234347,-70.8628826275086
16.3495,-42.4644767081642,-54.7556444503026
16.35,-53.2392789969232,-50.6230701673266
16.3505,-77.3480435753858,-54.50576665004
16.351,-102.454147141871,-53.0912942514174
16.3515,-115.753022965451,-44.0839868576945
16.352,-110.322001435454,-37.2675472144239
16.3525,-89.1143689090514,-34.3985786538188
16.353,-65.7462603116899,-24.9045583404353
16.3535,-56.3129867448565,-6.45694953952579
16.354,-65.1337187845594,7.01855831423465
16.3545,-81.347448401906,6.40639921954323
16.355,-93.9193320762549,1.46790763852635
16.3555,-105.532784611566,3.45348761775006
16.356,-124.768065007138,7.74068392312808
16.3565,-148.643461845583,7.26790314237365
16.357,-162.648727705086,11.8297918084601
16.3575,-157.194659323696,37.7724462867708
16.358,-135.628670996425,84.3706341132588
16.3585,-107.526191962021,134.775220705526
16.359,-83.4628586198064,177.116401319856
16.3595,-74.2060699322424,212.161438734594
16.36,-82.3601296113266,241.771696429929
16.3605,-94.287563675103,261.117872857178
16.361,-93.5301055230154,263.989929051102
16.3615,-83.9486631073384,250.301626349072
16.362,-84.8745326645234,229.057134433568
16.3625,-99.7865965619666,216.295761200593
16.363,-106.57304845537,224.963909705412
16.3635,-86.4209565355334,252.835428532172
16.364,-45.6513220666323,284.832852144989
16.3645,2.16697344028094,306.805716905645
16.365,58.9506225657055,306.761310960215
16.3655,130.078351550306,264.934449884869
16.366,202.334376725882,165.609800216517
16.3665,254.600953301693,28.2702856650342
16.367,285.593182399226,-97.3940891184193
16.3675,313.311667664263,-187.006961035225
16.368,349.361822598951,-269.894903368009
16.3685,388.735223211284,-373.594001788339
16.369,422.07635417103,-458.279015420694
16.3695,442.488793218544,-447.706749873741
16.37,441.510062248109,-324.21550171851
16.3705,413.417995841161,-154.640401999506
16.371,363.859003257737,-15.0579637572492
16.3715,301.912904028421,73.5115400728866
16.372,226.693709657101,122.435022009888
16.3725,137.437549067125,131.002678622417
16.373,53.5609472267418,97.8623183560873
16.3735,2.96337069899994,50.3572489592604
16.374,-13.6725106730614,21.6244468038578
16.3745,-26.5817773760318,5.86815449538594
16.375,-56.9620966901427,-29.9246717183411
16.3755,-92.2556437700103,-91.6469189289552
16.376,-113.166471249261,-148.030408535618
16.3765,-127.682653920165,-180.016958045151
16.377,-159.253648494293,-208.205480323475
16.3775,-210.185062908984,-254.682772788355
16.378,-256.063312493246,-302.107925002799
16.3785,-275.42568808147,-315.337327374464
16.379,-270.48582157672,-290.730613324337
16.3795,-256.7387177652,-257.748414875235
16.38,-243.117601569457,-234.493143881392
16.3805,-226.774362999613,-206.476809480877
16.381,-201.584325746509,-155.414833449109
16.3815,-167.854747504741,-88.3894233562722
16.382,-134.766931745994,-25.8839585737717
16.3825,-113.486183402645,24.3994060693765
16.383,-107.595471136421,65.9694864389711
16.3835,-112.278235974301,96.0288236567603
16.384,-122.294630251957,109.147224796586
16.3845,-135.308902049914,115.468679079435
16.385,-146.3003246382,135.239921526834
16.3855,-146.664910407556,171.008456180643
16.386,-134.08386244979,201.620038130992
16.3865,-117.081823041482,210.751112256671
16.387,-103.34507738204,207.161564034579
16.3875,-88.6751475875243,207.620766902111
16.388,-65.2154969785415,212.252626671637
16.3885,-36.7247553103656,207.729282142218
16.389,-15.968637028363,184.703332323197
16.3895,-6.63038121238627,141.396955566173
16.39,4.15584120780925,81.1568508255156
16.3905,31.999842143252,20.4995326464865
16.391,77.8920276595723,-10.2734771954266
16.3915,126.829634262449,7.48538628276029
16.392,161.570235160478,58.2132859620053
16.3925,176.407329417632,108.3617664502
16.393,178.569641162659,138.566955572268
16.3935,177.489375400564,145.049289865703
16.394,174.349521534902,120.882147951385
16.3945,163.841441790423,63.1614067263908
16.395,144.441150191149,-3.30050871627185
16.3955,122.388621852405,-40.0142575004615
16.396,104.943424828075,-41.7997661255766
16.3965,93.9574545244166,-45.0219203148065
16.397,86.8620771212766,-76.8025164831257
16.3975,79.4431833082691,-119.061935368571
16.398,67.4018265673056,-139.176177278958
16.3985,51.4585932824627,-134.423771174146
16.399,41.5990910123583,-123.202138401666
16.3995,47.7163707009973,-109.148985275657
16.4,63.475971404109,-82.6276566115885
16.4005,69.8821603852421,-49.6982863821306
16.401,60.638163211002,-29.5864778651341
16.4015,52.7692928096181,-22.1849762410659
16.402,62.0310903309832,-5.0376825131885
16.4025,77.8289834932039,29.6493793913403
16.403,76.923810499334,57.6650374191569
16.4035,55.2449716093277,54.6102515854138
16.404,28.409606259306,27.1110831233348
16.4045,2.61112389361416,-2.9926275758784
16.405,-34.9608123649118,-31.6531863406146
16.4055,-90.5006799517876,-69.7939530814906
16.406,-144.699146010943,-112.966444007899
16.4065,-170.927093139005,-134.312991064458
16.407,-163.4554439062,-112.597678014337
16.4075,-138.096771112615,-54.942205241319
16.408,-112.024983028458,13.2970210368451
16.4085,-92.9072760313417,71.1706735402149
16.409,-82.4874975921435,108.726922097791
16.4095,-78.78326992929,121.84833149588
16.41,-74.517742375682,113.863618033661
16.4105,-62.3581269980445,99.5231792988629
16.411,-44.3880683314577,93.2100073265728
16.4115,-31.5273622932363,88.0452769411313
16.412,-32.0245130918801,57.0484545036832
16.4125,-43.9184915769301,-14.7411487731212
16.413,-59.0398433775273,-103.57914916452
16.4135,-70.2308450586896,-163.969306134344
16.414,-73.5929460589246,-174.424123123629
16.4145,-68.0590692907931,-157.36018788401
16.415,-56.0492613172023,-147.843870105858
16.4155,-42.4576999226435,-149.180008315913
16.416,-29.5985769551927,-129.556508582529
16.4165,-13.8157808449685,-63.5125475897749
16.417,9.18817529652307,30.990773361453
16.4175,34.7301689466733,102.085935440325
16.418,49.5678675917922,109.035449547256
16.4185,47.1271764973611,56.618528253079
16.419,40.0304380784901,-10.312684465267
16.4195,49.0157791442816,-40.8784619247513
16.42,76.6257794700213,-11.0374242582096
16.4205,100.25978543746,63.972782807422
16.421,98.8310693339672,141.333717094418
16.4215,80.4669248774938,180.329891482494
16.422,73.0542635321275,170.954781138177
16.4225,89.2879459711706,134.951722369149
16.423,113.008973618445,95.5267189860305
16.4235,122.082293777019,51.2214092539041
16.424,112.815467437275,-11.2387026367534
16.4245,95.5203832514016,-83.6024192266308
16.425,76.1764991897169,-133.648908069504
16.4255,53.207344092507,-141.374894610657
16.426,27.7935353267643,-121.922188647842
16.4265,6.71464770840953,-101.602864351595
16.427,-5.56675532896944,-84.3200520407492
16.4275,-11.4419131591572,-58.3026911341596
16.428,-16.5771020254731,-28.2340286931589
16.4285,-25.7241353061049,-19.2213188398573
16.429,-40.2405239929236,-44.6889289366665
16.4295,-54.8837785772719,-84.6599744453706
16.43,-58.9577551239498,-103.669464657951
16.4305,-46.4433501161596,-83.7969937362085
16.431,-24.0030836222738,-35.72979509179
16.4315,-3.16720950875583,17.5179227483469
16.432,14.2840777828312,63.0744983780177
16.4325,35.548330855487,105.303708932394
16.433,60.3128350092652,152.205865352154
16.4335,73.587229922292,198.544876225875
16.434,61.2782940135855,230.488045189519
16.4345,29.2998263307379,247.826678684552
16.435,0.651231312759108,267.979823884497
16.4355,-7.47411498179281,298.301957972068
16.436,-0.66497616921744,316.281298396756
16.4365,-0.0484109234023116,292.572975553791
16.437,-19.254671207,226.874395304069
16.4375,-50.4002498708322,146.033795652042
16.438,-73.998929734543,72.8514455797126
16.4385,-81.1871623491511,11.8772448954727
16.439,-82.0694480998736,-43.1505408723927
16.4395,-90.7010207837741,-109.119380273381
16.44,-106.811812583883,-212.636727370426
16.4405,-117.954761384646,-359.915919598367
16.441,-117.631101455901,-506.718878474102
16.4415,-114.032149356409,-587.028957872127
16.442,-118.345581526726,-577.098587083957
16.4425,-128.76747766069,-504.943144340615
16.443,-130.058075874372,-395.147951730362
16.4435,-108.803957819076,-243.42195422608
16.444,-68.3643488453327,-60.555058284162
16.4445,-28.7332939941288,100.740226307832
16.445,-9.90153473370195,196.694922264174
16.4455,-13.2193030403843,242.205452892718
16.446,-20.6505250729023,273.569674722576
16.4465,-14.9777149827996,283.767086902721
16.447,1.55899915560396,237.749137782951
16.4475,12.8329362696089,141.462601351231
16.448,10.5282379722823,50.7424356153574
16.4485,3.44175252334122,7.3469945646569
16.449,5.03992554069319,1.03954806229408
16.4495,19.2463216810543,1.9967333237562
16.45,41.5303894313281,0.12868009275177
16.4505,67.5271793195429,1.61686618859505
16.451,95.0887641144429,11.32663242164
16.4515,121.315429400499,31.2440726434854
16.452,142.942172906015,59.9084137878613
16.4525,158.845114303576,86.5562129635124
16.453,169.51305636381,100.738756764029
16.4535,175.692276745756,109.130719639686
16.454,179.097088417495,124.483919497927
16.4545,180.543861996781,138.405616652247
16.455,173.875176029335,128.679674085648
16.4555,146.238801235236,96.1724629343232
16.456,92.0250388459801,68.7196178435918
16.4565,26.9044196912214,61.9877675385896
16.457,-18.9341428224927,61.3824789081913
16.4575,-27.136130467615,49.5478661507025
16.458,-10.8051126972882,24.4573381251539
16.4585,-4.84565075816973,-18.688428301105
16.459,-33.6437540072373,-91.3934053308439
16.4595,-86.854994460045,-179.895421981256
16.46,-128.639953643483,-238.840204201271
16.4605,-132.607441782557,-241.402418633909
16.461,-105.34793075013,-212.901268857938
16.4615,-72.3651131407758,-190.408983890824
16.462,-45.7803533759935,-171.770109919704
16.4625,-16.8064578494802,-133.877767193244
16.463,18.9420397169791,-82.1813805136734
16.4635,43.2030337054839,-47.1909813074741
16.464,33.9363266258993,-41.5528084871938
16.4645,-4.39331228661326,-52.2306477004492
16.465,-43.3910254962876,-68.4726754213252
16.4655,-63.3764961317874,-86.5632809328931
16.466,-71.4045013741753,-90.8328083324297
16.4665,-83.7358876294764,-61.6512834689838
16.467,-101.595965220123,-4.76174422050142
16.4675,-112.358448351094,52.8950477788255
16.468,-108.65714850935,97.9186467477834
16.4685,-97.1736491104905,137.770775074031
16.469,-89.1777315905427,175.200425915736
16.4695,-88.5843356372002,201.829393997842
16.47,-90.464540933726,217.187707780624
16.4705,-87.4219412530999,226.43387360252
16.471,-75.4855042262895,218.013008896685
16.4715,-55.4114677118978,173.619762608344
16.472,-30.2093408000708,103.720016709782
16.4725,-2.35201802352473,40.2263117060842
16.473,26.3755198002229,-12.8316049970649
16.4735,53.5382654474566,-83.6264291559397
16.474,76.6565450761398,-172.428315104887
16.4745,95.2953114410923,-226.758741809566
16.475,110.731381143254,-206.119341837767
16.4755,123.325426243568,-142.734323634796
16.476,132.31681637366,-104.094579178155
16.4765,138.561369137398,-114.181658828658
16.477,144.562062078426,-143.622953012919
16.4775,150.222751001458,-160.99446218205
16.478,151.464238518538,-157.913238818378
16.4785,146.164312332757,-132.953611378885
16.479,139.559037706875,-87.8100984949739
16.4795,139.021374836195,-39.2733180988096
16.48,142.762511069528,-4.56298575867246
16.4805,138.644684229113,25.7490236307629
16.481,118.424790639789,72.1271623655801
16.4815,90.4360686585788,124.765485110319
16.482,71.3113691055917,150.526357633397
16.4825,63.926970019645,144.590183138576
16.483,51.3011693506834,139.758333920317
16.4835,18.8095003902835,153.263399880287
16.484,-23.2899316654034,160.532760155456
16.4845,-50.8107698434834,143.420330001495
16.485,-58.8549554072833,132.346414831509
16.4855,-71.1475579249528,167.478546710912
16.486,-109.793376529865,237.413018029071
16.4865,-165.944464657731,291.393709242702
16.487,-210.600173691002,303.091597448474
16.4875,-226.925581533057,288.585520431635
16.488,-218.621287229756,264.509429521921
16.4885,-191.305275275038,225.030871275503
16.489,-145.041675808638,169.788254452806
16.4895,-91.3462506695838,122.142421829467
16.49,-61.1728575568127,96.6199608939717
16.4905,-79.7085466228237,65.8528065817924
16.491,-135.683245755414,-14.3105273555686
16.4915,-186.936522230568,-149.021685772669
16.492,-199.008038265176,-290.904243870859
16.4925,-173.449563714351,-384.358259227688
16.493,-137.782927130126,-411.617517924283
16.4935,-113.639399192407,-390.257870207271
16.494,-99.0932780212349,-334.732232185856
16.4945,-79.8854674728245,-234.898345490315
16.495,-51.0814741224124,-81.0615906947698
16.4955,-22.3264211881281,95.59666199361
16.496,-4.00196454415084,227.205696359202
16.4965,3.25400567669598,268.432992185481
16.497,1.98016491909361,241.967547614406
16.4975,-10.1880641999501,204.676599199689
16.498,-32.8078306034484,172.279208354606
16.4985,-52.2896799545126,105.385768765664
16.499,-51.484730335487,-22.0817804454193
16.4995,-28.7549740271511,-172.067691020613
16.5,3.5964387382885,-285.156996746685
16.5005,39.1491376561785,-353.178045850179
16.501,82.0383279608166,-415.690338788016
16.5015,130.249760733782,-493.492514877295
16.502,170.541134520427,-561.952159338038
16.5025,197.201802895877,-590.94373665215
16.503,221.302362819197,-572.688469925638
16.5035,251.689614519786,-497.154683670892
16.504,281.248931442264,-338.118244890194
16.5045,304.865635301888,-95.9560659117764
16.505,335.725597222747,164.22129843985
16.5055,383.122400233751,349.207452134712
16.506,423.394363864723,409.862852399053
16.5065,417.698339692115,362.096626734794
16.507,358.280428079143,253.322170651333
16.5075,275.143551492536,137.197252236112
16.508,194.027288356657,69.9591614158161
16.5085,110.276038087546,86.8603205167255
16.509,13.4584287712366,163.022879603406
16.5095,-82.3516888918094,220.980809728372
16.51,-149.888988439512,198.992509706302
16.5105,-180.663432279438,106.236996242157
16.511,-191.220683875027,3.30944986822639
16.5115,-201.772117308151,-59.3143062731482
16.512,-218.678270756733,-73.2251374575115
16.5125,-234.87573116305,-56.8264015699953
16.513,-239.461348662299,-28.8026639233824
16.5135,-228.268469419461,1.47743058147339
16.514,-209.012541034097,28.9948794927018
16.5145,-192.850185580867,46.1309229769776
16.515,-179.511667472377,43.0881023234902
16.5155,-158.249640894129,18.8868911861097
16.516,-126.381305578426,-7.83594588240871
16.5165,-96.9472212772235,-6.75432388236938
16.517,-81.9642468880123,38.2796249569039
16.5175,-77.7802005722227,112.575857675529
16.518,-74.6857025101774,183.591265500848
16.5185,-71.0543200649823,229.374195081578
16.519,-67.8984039556503,251.351756281104
16.5195,-58.9783642478357,260.900371030418
16.52,-39.5879093400208,260.006014138072
16.5205,-18.7477507289066,242.556414154288
16.521,-9.43081729469507,215.903077214153
16.5215,-11.8399663698411,209.168490604021
16.522,-19.2363821222928,242.220876300792
16.5225,-33.5380201602725,285.604430518255
16.523,-57.8665935029032,274.635114986628
16.5235,-77.7055157155753,180.722590832034
16.524,-70.169839907524,53.1995256601795
16.5245,-33.9729529667055,-34.3919870250825
16.525,8.69410068686807,-71.4250335180387
16.5255,43.8933927423905,-113.322553072113
16.526,79.9097780957225,-195.885682813474
16.5265,122.245440873947,-280.454997795588
16.527,154.873948301799,-303.419699177071
16.5275,160.503309821574,-257.389757373146
16.528,144.88021367868,-197.30085519752
16.5285,125.658508877847,-175.602398427713
16.529,108.243744333989,-194.690192636252
16.5295,88.1973987954056,-220.929572132454
16.53,68.3091465624971,-224.28377109847
16.5305,56.0757135043035,-198.099423836636
16.531,49.5892614997622,-154.011341186943
16.5315,41.7474033162375,-108.514085138258
16.532,34.314911787407,-72.3932817395255
16.5325,32.4243857530356,-47.0792826467512
16.533,29.2882937941645,-27.3772673246695
16.5335,13.8789091045197,-6.4888789398851
16.534,-7.93941197334494,18.1135217118382
16.5345,-18.4629890842835,39.0550031397946
16.535,-15.2866502278973,43.039210976262
16.5355,-14.5127716679219,28.4831914876239
16.536,-23.3957076261721,14.8415052577222
16.5365,-29.8030257494891,20.9206765416715
16.537,-26.8302655333047,35.8662200213314
16.5375,-28.2825577409028,30.1256640679427
16.538,-46.2193046153513,-1.5704946112948
16.5385,-68.9399773425162,-29.4374434705078
16.539,-77.8327232986474,-30.4313783123799
16.5395,-74.5777250038505,-19.1009543851063
16.54,-73.8980023542211,-19.7601249589459
16.5405,-77.3164646004174,-27.1796592162928
16.541,-72.8775265018166,-19.4466923753099
16.5415,-57.2560408435964,2.56400465402439
16.542,-40.408014889025,16.9370870653765
16.5425,-28.992746094472,17.4969347650498
16.543,-21.3890426184359,20.2867446583855
16.5435,-19.8195094704213,30.1677467347125
16.544,-31.088697907606,27.528448585158
16.5445,-51.2821381319213,-0.736473651412426
16.545,-63.6023771914222,-36.8616870237463
16.5455,-56.8819568898133,-52.7893965935341
16.546,-35.6366677790825,-42.195978711902
16.5465,-8.49810080181224,-19.2382583672393
16.547,21.2618394412268,4.63781152480383
16.5475,49.3890436074169,28.3861239245742
16.548,67.5583851831658,49.55371829682
16.5485,73.2547148625428,56.5001263388738
16.549,72.1924743311002,35.1103229391276
16.5495,65.7670777107811,-18.2828516359162
16.55,48.7968173700061,-87.4801013686012
16.5505,26.157510628759,-139.232513721931
16.551,15.851444714346,-144.021129098121
16.5515,23.3616573876205,-101.571445165165
16.552,27.4866835404452,-43.0528461596267
16.5525,9.0852615842824,-3.32897119859533
16.553,-16.389436941574,6.84675665420105
16.5535,-15.2791485817122,-0.384702039662985
16.554,20.4331640317793,-11.3624541700816
16.5545,65.7516151158106,-22.7431512330762
16.555,97.4237799526224,-34.6399920924036
16.5555,115.648501740217,-41.9505789297052
16.556,129.097731912989,-37.5474116832808
16.5565,139.015244730384,-20.6382080692346
16.557,145.957184146581,3.19737143013817
16.5575,155.311444176639,30.7452333150501
16.558,165.63867007752,65.9118808358848
16.5585,164.368451393823,112.733720948034
16.559,145.262174609814,166.384094622726
16.5595,118.995148438758,216.618113831206
16.56,96.2484724180028,259.551369901782
16.5605,71.3085240510133,298.486284574148
16.561,34.6239114006158,330.259148147592
16.5615,-7.84562387922362,339.365762059614
16.562,-42.0753971042961,314.356209654286
16.5625,-66.2616724076512,266.276038016517
16.563,-89.1437348410476,220.730620749126
16.5635,-112.666785326511,189.335857589595
16.564,-131.80381228285,154.28030592261
16.5645,-149.414659775688,84.275717875623
16.565,-174.282897282613,-33.523314994984
16.5655,-202.080629030837,-173.835567117441
16.566,-214.382322175071,-283.469834601075
16.5665,-203.097045500363,-318.522643239435
16.567,-182.707169564854,-280.930844192974
16.5675,-169.663174465081,-217.585237317961
16.568,-160.592285955255,-176.972718191115
16.5685,-141.787333234294,-167.181821502636
16.569,-112.136088555907,-160.640949595257
16.5695,-83.4528494700406,-134.800963377392
16.57,-61.5319550887267,-97.0386051795265
16.5705,-40.1952858061567,-69.2831681601095
16.571,-15.5705712165646,-59.599560057979
16.5715,4.79309367280773,-55.4833714164674
16.572,11.9672756553154,-40.3097114333414
16.5725,7.56737523631995,-10.9878485983884
16.573,-0.0351800645528881,19.8054699527306
16.5735,-6.89763388015499,37.0888932957454
16.574,-14.8863607793849,39.0645084705245
16.5745,-23.7931944500625,37.2218176915937
16.575,-27.7968538292352,40.1417003890057
16.5755,-20.9070086835095,42.9592487404052
16.576,-3.09682765032927,38.359889874166
16.5765,19.8057502336533,32.2709426696596
16.577,40.6814178845746,38.7597022845746
16.5775,55.7267130940151,61.3310817199648
16.578,66.8845870112082,88.9158198653262
16.5785,80.3566491048851,109.079663999467
16.579,100.80929592562,114.301422639525
16.5795,126.152834211113,95.8941888808211
16.58,149.251034606122,46.9504207966899
16.5805,164.638015648514,-22.0642278250346
16.581,171.079710241154,-82.4551290140284
16.5815,167.499067061201,-111.861215328297
16.582,151.237438435359,-113.465411503974
16.5825,124.004223157308,-104.455900260871
16.583,95.9002432475841,-94.423610156306
16.5835,77.1220368087755,-85.217363124748
16.584,65.6361055713982,-83.9213468674073
16.5845,48.7490207867713,-99.8980757329664
16.585,18.843412809232,-128.778635455952
16.5855,-16.8289825396427,-152.981741448881
16.586,-44.3770248136332,-162.709681610022
16.5865,-57.0598917981998,-166.690344989712
16.587,-57.5698000843288,-176.59677422052
16.5875,-50.8974342289341,-189.408839263475
16.588,-40.9589007721826,-193.555805201306
16.5885,-32.7795237697037,-186.891003802326
16.589,-31.2215882597361,-177.886163642895
16.5895,-35.3537744529671,-169.573677545706
16.59,-38.3596079059644,-152.004704651064
16.5905,-35.8499997656896,-113.747471069128
16.591,-31.3225437136224,-54.0292584447714
16.5915,-30.1165344374718,19.6480280169589
16.592,-30.1850412501769,98.4753745397892
16.5925,-24.0006344218216,171.544539288734
16.593,-10.9075811384484,225.909784749224
16.5935,-3.30470462832359,257.23157305503
16.594,-15.6492953152454,275.875591956753
16.5945,-47.0699131483927,291.232320692274
16.595,-79.025077295266,293.086724869087
16.5955,-93.3892995132889,263.679915782929
16.596,-91.1594434987366,209.89738813846
16.5965,-89.4347963832531,165.406029716461
16.597,-100.054400131875,150.266046385826
16.5975,-115.913297120029,143.000893657322
16.598,-120.859647731644,109.855350827576
16.5985,-108.859371081044,53.9248718597946
16.599,-87.7344816028486,15.1183666825758
16.5995,-65.4109331198091,21.4073700755138
16.6,-40.2645616038231,59.8810688814638
16.6005,-9.20260339963247,103.07172605782
16.601,20.0383267234127,144.765713314579
16.6015,32.7013913467256,190.749954378177
16.602,23.7755339612269,222.576064053319
16.6025,5.30768462400331,197.372133558554
16.603,-4.63344304908586,97.4369125798852
16.6035,5.23173906005271,-32.6926604416645
16.604,39.4589961646873,-119.085080694669
16.6045,98.9375053847413,-130.994089615521
16.605,173.375851512433,-106.241619628283
16.6055,235.84299140996,-98.6385964150302
16.606,260.492974010302,-117.044537083804
16.6065,250.078647742244,-132.279784518583
16.607,234.135131102968,-129.679837068358
16.6075,233.502354908809,-124.722011637153
16.608,237.547863999295,-125.004620169901
16.6085,224.649941816074,-107.905215127999
16.609,192.147657205144,-53.5994200934352
16.6095,150.557324391995,19.7234159729331
16.61,98.2852876244636,74.3811556175941
16.6105,25.3143632550666,94.173783892002
16.611,-58.313904107792,86.8003008963703
16.6115,-121.465680400838,56.7257785643517
16.612,-148.36687503054,1.25574468637592
16.6125,-158.219005658645,-68.5430843578267
16.613,-176.918106706671,-126.806261574399
16.6135,-203.933240269226,-157.938108755297
16.614,-220.640465937506,-167.037429757645
16.6145,-218.706188426866,-162.880132156389
16.615,-203.968735467773,-146.417023120704
16.6155,-181.744294190546,-120.204506637167
16.616,-156.176114753607,-94.5360474478159
16.6165,-137.649585597569,-77.6715769862822
16.617,-131.461855900178,-69.1683595020495
16.6175,-121.930667523393,-64.5346614493863
16.618,-87.7697897809675,-55.8936540178941
16.6185,-34.6029839224402,-29.2022087337072
16.619,6.72910045301521,23.1728231283282
16.6195,18.3235071321616,84.0210125061952
16.62,13.678256950263,121.213860494168
16.6205,11.8652752576583,121.822973295059
16.621,11.7920535423509,102.670432227935
16.6215,3.5166691524603,81.9681861811516
16.622,-10.3932629163944,56.2182228945188
16.6225,-20.1095594824033,13.734543174319
16.623,-25.0908185998977,-43.257857318349
16.6235,-30.266861848172,-100.701378423378
16.624,-32.4473449456748,-145.178791708528
16.6245,-25.522445272226,-164.247629593183
16.625,-15.5978181389094,-146.838009980073
16.6255,-16.3876122660574,-97.5079880580532
16.626,-28.9519515160981,-42.6772753206546
16.6265,-36.7021728136896,-8.82305903561783
16.627,-21.9273100283271,2.48366004886951
16.6275,19.3797747305845,8.86888536214898
16.628,77.1987872359866,22.1560497249864
16.6285,134.561164321862,39.8864528338126
16.629,178.04485755701,58.0303928645531
16.6295,209.396571938848,79.8023204631647
16.63,242.493846190136,109.046911320086
16.6305,279.023095606845,141.002992985184
16.631,293.404038878808,163.161990253387
16.6315,257.738444981296,165.443311630228
16.632,180.096065900273,149.673747615413
16.6325,100.662014866859,126.374556714062
16.633,47.8389782148083,99.5488471694025
16.6335,15.9232352548257,61.057690772336
16.634,-9.92214667712422,8.74426633084537
16.6345,-29.2221893271546,-37.0549542726563
16.635,-39.8894890041097,-51.787548121221
16.6355,-55.5876632901503,-40.0320680973709
16.636,-86.5757555817936,-31.3721411866081
16.6365,-114.995054936691,-39.3692352837354
16.637,-114.797350976203,-44.6293518702605
16.6375,-91.9447761219934,-27.191446581016
16.638,-78.5168204683565,3.73227020166384
16.6385,-85.0814746085754,26.2427337654271
16.639,-86.8229158700465,36.2870792668697
16.6395,-67.9196706901957,44.7369796803367
16.64,-53.2361011566099,53.9715121733188
16.6405,-73.2845746158666,54.0646181224486
16.641,-114.491326287233,38.5196319601103
16.6415,-132.583001863408,13.2789556345121
16.642,-110.71781358115,-6.38350831305466
16.6425,-77.788283651505,-4.06332807083129
16.643,-65.9300718876094,22.0047716097859
16.6435,-73.8672558406736,45.947628954248
16.644,-81.81244152197,31.974653518801
16.6445,-81.7092594354486,-24.5465594489657
16.645,-76.4106915799967,-86.9644512183664
16.6455,-63.1314073226815,-118.4477660473
16.646,-37.4420480659903,-118.644937733783
16.6465,-7.69863532019493,-108.904317499716
16.647,12.0803247823631,-100.234820698189
16.6475,21.8072893906491,-93.5873397478602
16.648,32.9594288527531,-94.690270079912
16.6485,48.2018759697425,-105.355242389358
16.649,59.2599799763648,-110.629377788927
16.6495,65.9045143610901,-96.6486766656353
16.65,79.6384970330606,-74.2328955552288
16.6505,102.582094261348,-66.1781936969451
16.651,118.440010411855,-78.9477607320003
16.6515,114.565334688334,-103.575636329384
16.652,100.98078796262,-132.734321254758
16.6525,95.7807168070255,-156.556252762054
16.653,100.519019081868,-153.793089265309
16.6535,102.205993916109,-112.114679988649
16.654,92.9655555829816,-49.5217689935999
16.6545,75.0326505925899,7.60633667945179
16.655,51.0220104026277,59.168173535262
16.6555,22.749838180062,119.583658160093
16.656,-1.97825122552099,181.30394941705
16.6565,-14.1478422029852,220.301623399009
16.657,-16.0836929223765,234.150980217892
16.6575,-19.3607956605514,245.220516817232
16.658,-30.0083521362621,266.052724760211
16.6585,-45.411190366044,287.73995432337
16.659,-65.3484079920659,301.945673705494
16.6595,-94.0143600585406,308.456564621504
16.66,-128.088544728686,300.808885468918
16.6605,-153.17508571623,268.26347428728
16.661,-156.497671266043,210.121741065613
16.6615,-135.718985346721,126.931780596805
16.662,-93.9819954174144,9.8733190450935
16.6625,-37.2760694543338,-128.289986304826
16.663,19.2857763372953,-224.196226906144
16.6635,54.6813595581688,-213.148883671512
16.664,60.5824481726536,-110.445584985285
16.6645,50.1103221573661,-0.302271438002597
16.665,41.3577666300037,62.5682703339268
16.6655,38.7423323855445,97.1127031923574
16.666,36.3371912958878,135.208159945669
16.6665,30.6662220781393,168.503438746082
16.667,20.9201135792471,176.202396295751
16.6675,3.70015128171827,158.802434730478
16.668,-21.2442416993386,116.342593207319
16.6685,-44.2390220081023,33.6206048904099
16.669,-55.1209357419759,-82.5761213966354
16.6695,-56.0450975503225,-187.617159112322
16.67,-54.0143456466923,-251.357039321062
16.6705,-43.5164786529818,-292.794251413249
16.671,-10.1448480275432,-332.858211659174
16.6715,46.5973178948376,-350.641408720573
16.672,106.053514910803,-324.5732223736
16.6725,147.070076513333,-281.204624359404
16.673,167.571994190245,-256.353148616596
16.6735,178.649021748748,-235.764848863911
16.674,186.697881210521,-184.777371072894
16.6745,188.348910322842,-116.431110247697
16.675,178.69974705086,-77.5916509072172
16.6755,157.305788865279,-79.2639592108313
16.676,126.487738570055,-91.1989471117392
16.6765,88.3761879970329,-98.7162298168821
16.677,44.8093549000055,-114.213439721761
16.6775,-1.40881542587358,-132.436931396664
16.678,-45.7889407210143,-124.156765153728
16.6785,-83.0385043687758,-84.5992735014235
16.679,-109.496244283128,-48.2597352044264
16.6795,-124.523243939425,-42.9647747331903
16.68,-129.438703538131,-59.3696723376836
16.6805,-127.38894273327,-73.5610513015688
16.681,-125.416617922727,-71.6045651301732
16.6815,-132.117471457506,-46.3264097800987
16.682,-147.96261848875,2.56275308488353
16.6825,-160.135243793486,59.332169916195
16.683,-153.122074788562,106.10277698298
16.6835,-124.421370766894,145.983238540278
16.684,-85.3100142254087,190.041060412715
16.6845,-47.8644310863053,229.180879752205
16.685,-17.983480278484,249.04914032294
16.6855,0.0206027931682525,263.089846176161
16.686,2.18891876916887,291.740447347286
16.6865,-7.57751581943454,315.531334809689
16.687,-16.4448475296721,295.894280370415
16.6875,-15.14407805971,242.684432302898
16.688,-7.27192281097022,208.074600768722
16.6885,-1.8543345136267,203.133205500067
16.689,-1.51988345641346,175.997261500692
16.6895,-2.95637306301997,96.1927792332728
16.69,-3.92317458505335,9.31649003406575
16.6905,-3.01795757688897,-25.8886437789273
16.691,3.44589931374768,-12.0944895169607
16.6915,15.6947371045793,13.2452058915487
16.692,23.1173724970326,41.8014241893508
16.6925,11.7173766081895,85.3005769693679
16.693,-19.5019904351035,127.045606512258
16.6935,-56.9835203183379,131.047685731455
16.694,-89.3188518471574,92.3246823890193
16.6945,-117.120479535765,42.3851708025673
16.695,-141.639440067103,9.24964993836549
16.6955,-152.519504767914,-1.46896941262443
16.696,-137.722629538691,5.39856397970116
16.6965,-102.629668737027,19.2642380073697
16.697,-67.4994351038954,24.1261872636753
16.6975,-43.7446256136367,15.3865191516277
16.698,-22.8634632921358,4.17127400502084
16.6985,6.22892533464329,-14.8912436039758
16.699,39.2895764664057,-78.1975116428121
16.6995,66.6807928976196,-202.557804820554
16.7,94.5056375335922,-336.659918063544
16.7005,140.584178471595,-403.481470610785
16.701,207.644267669966,-385.896287382812
16.7015,273.034384892325,-333.297353496108
16.702,310.636379294032,-287.0069140793
16.7025,314.16964866325,-240.851955043402
16.703,294.130680157777,-181.616454973863
16.7035,262.650475399279,-126.330945022777
16.704,230.714687630313,-97.6258706432795
16.7045,210.736137716122,-88.4051234483786
16.705,206.435474123068,-72.7863433955526
16.7055,201.23419343116,-37.658443724314
16.706,169.417928068541,10.3533348901153
16.7065,102.53775537995,56.0557149861697
16.707,18.8794752542849,83.3025322476806
16.7075,-53.1395867736598,84.5687266797965
16.708,-95.4669002441718,72.8009889991461
16.7085,-108.132224529862,72.8852054983186
16.709,-106.957027802874,94.2348768254882
16.7095,-113.011224792341,122.382102694548
16.71,-133.691890883483,141.401695534037
16.7105,-152.872437684714,150.219438134233
16.711,-149.387881054458,151.589049662458
16.7115,-125.997963057354,141.963041544026
16.712,-108.331496965345,122.619175939226
16.7125,-112.091363295205,107.155786845717
16.713,-123.634504667429,105.825289809074
16.7135,-119.380609272506,110.747022211887
16.714,-94.1690631400279,104.644550472925
16.7145,-62.9543323635905,76.2803843013939
16.715,-42.8997108086382,24.118146816314
16.7155,-41.1225753657248,-40.5881836474924
16.716,-52.4626821674777,-87.711509706815
16.7165,-62.0522109328456,-84.4180775875295
16.717,-57.0677868729559,-34.5063779973394
16.7175,-42.3485545969661,10.2337977856423
16.718,-36.3561763703531,-1.94624362788198
16.7185,-45.0570069260458,-65.4432351928005
16.719,-49.95152879949,-121.348919761867
16.7195,-31.9526949190713,-117.317552058903
16.72,1.78450109551082,-54.0009653982972
16.7205,26.5227689793981,24.0592890898706
16.721,28.3781726218093,72.4187440958945
16.7215,12.748164238583,82.5841894169222
16.722,-8.27214373176527,82.6819254139213
16.7225,-23.7889000199387,103.437238630783
16.723,-25.8418187994963,142.843191148327
16.7235,-17.8917804135485,171.966846761203
16.724,-17.3925633803826,175.96048877334
16.7245,-36.0189690042841,170.688522690896
16.725,-61.6926851326266,168.237490986648
16.7255,-74.4417510211782,149.215917132031
16.726,-74.1775243163393,95.6708066115553
16.7265,-75.1382185772235,34.9676895965051
16.727,-78.2941211986434,11.9241612957153
16.7275,-71.7083116873837,18.5252751360097
16.728,-56.6803784681594,-6.40150687719757
16.7285,-47.8306273296287,-92.6988159713937
16.729,-42.8504354889585,-191.481995396063
16.7295,-18.4910568442308,-238.478655212336
16.73,32.3188242763036,-234.503818043497
16.7305,82.6004990206503,-227.060266126702
16.731,105.409073284946,-233.532140246663
16.7315,106.188703569535,-229.231301496163
16.732,104.787277597791,-207.222585154602
16.7325,103.628825536225,-201.225182868133
16.733,94.2613848717919,-233.362300052519
16.7335,81.5350213238509,-275.847491119115
16.734,78.6482480813546,-288.004250830063
16.7345,86.1279374911446,-265.766174512916
16.735,95.2874804849734,-230.911101004061
16.7355,104.977440718959,-193.814472037477
16.736,115.306989319798,-155.950906566962
16.7365,112.664277678083,-132.500369209038
16.737,84.7249053961339,-136.157316504457
16.7375,47.7320183829596,-141.669985151063
16.738,35.0844845880059,-100.777217613725
16.7385,56.060794927326,-0.719376459682792
16.739,85.7673632379763,117.19421017728
16.7395,99.3628096851811,206.55204847237
16.74,97.0494533268681,260.282665588931
16.7405,90.0472613097414,293.930168115903
16.741,80.5083424086585,308.492511426889
16.7415,64.1488896641511,294.577303690079
16.742,38.7271274735304,262.310418844023
16.7425,2.38130750267704,238.908449024226
16.743,-43.8830246535109,231.009016339726
16.7435,-86.1622313348189,207.658988931749
16.744,-104.135928939069,133.652643385753
16.7445,-95.2477898303963,15.1728200196396
16.745,-79.4617760568893,-96.5211265688714
16.7455,-72.1335038300169,-148.298035754454
16.746,-65.8921644268805,-128.880102442537
16.7465,-49.6155199736369,-68.5988135897049
16.747,-32.3343575802537,-0.121950084916763
16.7475,-34.9309504211107,72.6308538409771
16.748,-66.6561215647786,163.322201651129
16.7485,-120.86255069863,269.066604353689
16.749,-184.567113338639,359.339254197254
16.7495,-239.993132993375,401.611441698291
16.75,-266.288050475627,392.346528032694
16.7505,-256.198280489502,360.439849853712
16.751,-227.437556940591,342.847034045197
16.7515,-204.074341534712,354.738659259439
16.752,-189.381013106293,376.496258355986
16.7525,-168.683174811601,368.688314851518
16.753,-134.434505086869,304.678677145575
16.7535,-93.5373541630593,189.471830722582
16.754,-51.0548859165449,45.971776325187
16.7545,-2.28268934527552,-107.340687769647
16.755,54.9346302575,-252.627616003718
16.7555,111.039163022725,-355.307464515317
16.756,152.928326223062,-377.597969775592
16.7565,175.401628238017,-322.281389687875
16.757,183.553219941334,-247.46475771984
16.7575,189.788989394809,-219.813221514751
16.758,206.565073350648,-255.150578694628
16.7585,232.808954672253,-313.112742811834
16.759,247.903056035021,-344.083992858315
16.7595,229.576626005768,-331.235747606309
16.76,180.452929005314,-291.538336408218
16.7605,129.233237606247,-249.268361180532
16.761,103.642275842106,-212.587615707239
16.7615,107.970642977482,-171.152651327482
16.762,125.551353551478,-114.227926461378
16.7625,133.939133032135,-50.1454548231369
16.763,118.187622392942,-3.04203913876894
16.7635,80.3023709010809,11.7903405348001
16.764,37.6439117152043,3.55426031910194
16.7645,3.06537589068127,-6.29390786599647
16.765,-32.2458235098803,-6.08954767194162
16.7655,-83.2012937828295,-0.975269783020096
16.766,-138.676705076703,-5.92572972518965
16.7665,-163.896113383483,-35.8889908159529
16.767,-142.147430646542,-92.4311245452751
16.7675,-96.5454929976811,-151.953940079736
16.768,-58.2834704432905,-177.085782957072
16.7685,-28.9266565711754,-152.436374632443
16.769,9.13968882635027,-104.130580659134
16.7695,57.1607030887923,-72.7967181546049
16.77,96.4888743825375,-71.3655844320641
16.7705,116.319285267257,-79.8560919327446
16.771,124.979043467097,-75.4111427772189
16.7715,132.523423344557,-51.8314906938292
16.772,138.163436185168,-11.4226775386742
16.7725,137.242698685547,44.1864604722975
16.773,126.497365052937,108.227851146987
16.7735,99.5896931845339,165.416297107615
16.774,51.5502951149332,202.79342932068
16.7745,-6.8713153715325,219.201336555234
16.775,-51.0531195200508,220.837926582903
16.7755,-65.7424328820778,213.571541562593
16.776,-59.5104344894895,202.252413155463
16.7765,-53.6038635600683,189.868730539589
16.777,-65.5067072270046,172.082904097145
16.7775,-104.310126987424,138.578368842672
16.778,-167.445217407947,86.4807024509038
16.7785,-234.567161716556,29.0895117153303
16.779,-277.253242782005,-15.4083179141188
16.7795,-285.138615075191,-42.7560280905341
16.78,-274.250642861306,-63.7290319765037
16.7805,-262.611129631004,-85.9033885071134
16.781,-249.674086888017,-102.307532768118
16.7815,-229.557034774076,-104.134047154916
16.782,-208.966624037056,-98.0019749577434
16.7825,-192.997023673092,-97.4527413054361
16.783,-163.89420216388,-97.2344177450622
16.7835,-99.4509275451435,-73.4587824362498
16.784,-11.9316210696285,-19.6317542733584
16.7845,55.5639775538771,33.8332733857579
16.785,77.9728318890806,56.2557123779871
16.7855,73.2745693013551,61.9196011525049
16.786,69.8858001025667,90.7648992293121
16.7865,69.3588348724048,146.436659711553
16.787,57.1089835800335,186.793765381933
16.7875,34.0464129354333,184.982327929912
16.788,15.3936529123574,166.492739808544
16.7885,4.61704023606308,165.747538507374
16.789,-9.95111123311858,175.842777416294
16.7895,-32.4188747897426,170.194710266242
16.79,-52.4387301055537,149.330426143276
16.7905,-65.8873095020636,128.41788483972
16.791,-85.7660081243244,93.628965580573
16.7915,-121.783869422273,15.0465893811542
16.792,-158.392506215198,-97.0861243137999
16.7925,-163.40535235603,-188.184855399982
16.793,-114.650805237998,-219.603409606595
16.7935,-13.6561621553194,-202.189740416398
16.794,118.25007282842,-162.95349959797
16.7945,247.888646447498,-111.60585916905
16.795,341.812244735225,-53.9121814016523
16.7955,386.479239151204,-7.20025913888105
16.796,401.345568636193,19.5778362526311
16.7965,422.832623668636,40.8862492385502
16.797,469.047616688651,70.1980427241649
16.7975,522.684989515299,97.1524495782491
16.798,549.500570452188,106.937960840375
16.7985,528.869546295222,107.216423093484
16.799,465.469884461271,116.204565164004
16.7995,378.230468211095,133.580699278091
16.8,282.832486850709,139.913739548445
16.8005,181.589286678086,119.787665050058
16.801,67.2769891490977,75.9961228509027
16.8015,-59.7000777296604,27.5183030074588
16.802,-177.149367583156,-3.14471827954204
16.8025,-252.982050885361,-13.0097809704274
16.803,-278.24791983723,-29.2275792758294
16.8035,-280.937356786207,-75.8976826297665
16.804,-295.95626921524,-130.16286921263
16.8045,-325.416034557552,-144.854397760433
16.805,-341.2887001824,-124.595890002484
16.8055,-325.654485267504,-136.662531360823
16.806,-292.473836078614,-217.677635304721
16.8065,-265.089756162172,-308.205205372937
16.807,-247.087244013848,-323.090035854176
16.8075,-225.336342671446,-258.788726266319
16.808,-191.285806531143,-181.322602897625
16.8085,-147.682506290105,-128.354412504075
16.809,-101.405945261696,-81.9899410680273
16.8095,-61.1573051621946,-31.188303569027
16.81,-36.5883047181904,3.43630399123867
16.8105,-27.4170282598463,18.1965392512913
16.811,-16.9725199416751,40.7137888397575
16.8115,11.2519369603337,72.2776923916085
16.812,52.7195256605789,67.3960874336126
16.8125,88.7483245189772,4.34221667431594
16.813,110.864973846314,-65.3494397684009
16.8135,124.003806128119,-77.24536556017
16.814,127.360829649787,-34.1722257942993
16.8145,110.659925107069,11.6666839031602
16.815,74.6958247045299,30.7948517598246
16.8155,39.1450412583479,29.605426981811
16.816,19.8445291273979,12.0670471364848
16.8165,9.03748525519095,-23.8676127834387
16.817,-12.7869442986463,-57.6528633440937
16.8175,-53.8065949845663,-57.7078917518381
16.818,-106.122331948097,-25.9351866491126
16.8185,-153.889967812395,2.86667538845572
16.819,-179.058731863809,9.9640748732133
16.8195,-171.267529793866,10.3645949610161
16.82,-143.110217979915,17.9675161781269
16.8205,-124.932454641281,25.7193431950396
16.821,-131.292451840875,29.7722686879477
16.8215,-141.432124593712,42.3537966367918
16.822,-127.155929408414,65.1228772296197
16.8225,-91.1241643853104,75.7445939784494
16.823,-59.3319801144494,60.2892189624587
16.8235,-41.6339628164458,39.5416607101408
16.824,-21.8304970840543,43.5930341982913
16.8245,12.4823370386088,74.8121384596142
16.825,52.3709039293996,113.824554779684
16.8255,87.0127707848008,148.887280631574
16.826,121.657173599049,179.686330969365
16.8265,163.253698341148,201.231283681811
16.827,200.197055016508,203.813457941759
16.8275,210.709273769266,185.348533648128
16.828,187.691680792381,149.752724090216
16.8285,147.158713913602,99.7668146099066
16.829,115.123130862103,46.6262404345546
16.8295,109.593083613595,17.9400845361903
16.83,127.921179217086,32.815384066778
16.8305,145.873912971027,69.4203872595484
16.831,136.616845818238,79.9211223199902
16.8315,98.3551001830762,44.9014459873631
16.832,57.4343556001244,-4.24963644213189
16.8325,37.1243173597459,-26.0040414610838
16.833,30.6708882471315,-16.6829655692651
16.8335,15.1471709433864,-5.84440255712972
16.834,-14.9408019612608,-15.4584135741835
16.8345,-42.9150907532645,-39.6982190125335
16.835,-57.7870077092146,-61.4215282504722
16.8355,-70.5167807604118,-73.958480951984
16.836,-94.7631030124041,-83.5947253873625
16.8365,-121.817964084177,-98.9326402984139
16.837,-126.288435992829,-121.455211954369
16.8375,-94.7474008978916,-142.810975707281
16.838,-40.5329933845815,-150.289174402192
16.8385,10.8509949477531,-137.868262672151
16.839,45.5846849637276,-111.539677597435
16.8395,69.2214443628349,-81.3598510202863
16.84,95.1641944636562,-51.2920434910618
16.8405,128.757090964412,-22.0994737136256
16.841,160.499188907889,-0.754220222117288
16.8415,172.007398958405,3.21542070569059
16.842,150.459228909074,-7.28776085740239
16.8425,100.968769615556,-15.1396424653881
16.843,44.6853354930074,-8.17281732872917
16.8435,1.98458325667266,6.33989356796902
16.844,-22.3859848022132,13.0300436726701
16.8445,-36.4375069525552,8.4462090455578
16.845,-47.6219948768559,0.684449250960633
16.8455,-58.3797881261364,-7.12489512035717
16.846,-71.5511815104116,-21.0064113816809
16.8465,-89.7511221312775,-42.5449547381939
16.847,-108.20548376078,-62.0603608173021
16.8475,-118.902048636739,-70.286468659097
16.848,-125.197846952114,-68.6022862703514
16.8485,-140.301389686608,-61.9310211262537
16.849,-164.584544498078,-49.2609807926041
16.8495,-177.079369172894,-29.1985034908296
16.85,-160.768096314594,-8.49138761706562
16.8505,-125.733291034639,5.6572802772425
16.851,-93.8030064390488,18.5383842577325
16.8515,-70.3204930233941,41.3743940275438
16.852,-48.2024146151858,71.3388821906465
16.8525,-31.2385971728151,89.5656165497513
16.853,-30.6845482042344,83.2502756868977
16.8535,-40.916410453906,61.0178217680449
16.854,-41.3059645361678,41.5350056402081
16.8545,-24.6504649142266,34.8221795775195
16.855,-2.87169750449465,40.4561453300881
16.8555,18.1462660152034,55.2553504063581
16.856,45.9756694106391,72.1515187703214
16.8565,78.043534878731,76.4589743203947
16.857,96.2938187814324,56.5197533559414
16.8575,97.463463881125,20.3207830565272
16.858,104.183310442858,-7.23927658098677
16.8585,128.885776230653,-7.40376566654978
16.859,149.196875607589,16.7711728342788
16.8595,140.954817397369,48.3768272535986
16.86,116.233208127462,73.3289874556723
16.8605,102.989451183753,86.7263945538214
16.861,103.109176272869,90.0261726232659
16.8615,100.204482165142,87.6701685160784
16.862,97.0273872703241,82.7283506366409
16.8625,110.436491985252,71.6316474363282
16.863,132.18745496456,47.1208006734071
16.8635,129.158036162416,10.3807545321451
16.864,88.0577982952731,-25.3873678695955
16.8645,31.0127791825198,-50.5680151308367
16.865,-20.3854217634684,-73.8112804705104
16.8655,-68.3331547369718,-110.943009118322
16.866,-115.322971323843,-159.846415073939
16.8665,-144.803749446162,-197.192612665475
16.867,-143.321203152647,-203.821335910915
16.8675,-122.675296824947,-184.916255195879
16.868,-102.843267119877,-160.113026704198
16.8685,-88.4056649033908,-141.646390228845
16.869,-77.2312110567348,-129.898074793173
16.8695,-75.8851033766073,-123.867718959107
16.87,-86.6982290806494,-123.766573413589
16.8705,-91.3329802418389,-122.551029499254
16.871,-67.7775192056682,-104.84720418405
16.8715,-18.1541623807157,-60.1011290182633
16.872,35.3278736071663,6.0418992155045
16.8725,74.6898933107317,76.0822098991897
16.873,92.1504659016785,134.395960847728
16.8735,82.0636266484014,175.488776570228
16.874,46.5345129064993,201.206046385258
16.8745,3.63379188273744,212.562474774559
16.875,-29.3135869194679,205.657478919568
16.8755,-58.0806338084461,176.989429230558
16.876,-99.7301054490109,132.308207120883
16.8765,-151.797621731454,85.7600553699726
16.877,-193.22270758668,47.0683584287747
16.8775,-215.370966209434,13.1949495550534
16.878,-230.38254481103,-22.8205346591187
16.8785,-244.32836583191,-58.5620585160919
16.879,-242.687270551529,-84.5728632736123
16.8795,-211.470840786055,-97.4786157003009
16.88,-156.345331649397,-102.351734701297
16.8805,-91.1568509950011,-102.491152358642
16.881,-21.8706583195589,-95.8918044469967
16.8815,48.034532439975,-82.9909744610045
16.882,110.167236417609,-68.092219976573
16.8825,161.92220004369,-49.6697965464152
16.883,213.515751331123,-19.1406485824129
16.8835,270.651868062719,24.6748222454755
16.884,318.370904147371,68.6976220998549
16.8845,336.295501584374,101.434972404728
16.885,325.255557988254,128.699888506016
16.8855,306.278544820343,163.459486875953
16.886,295.788732925463,203.943183876541
16.8865,291.658878558206,232.078763220347
16.887,280.670092110984,233.045372631974
16.8875,250.714291386119,208.661555071475
16.888,198.863788601265,171.82245950133
16.8885,135.109666085969,134.210977369105
16.889,73.3626969873947,98.8683852760397
16.8895,12.1604445033618,59.0147167014938
16.89,-65.7171583819948,5.32684595642045
16.8905,-162.49732290223,-59.8813764925584
16.891,-245.233141110529,-117.570807001482
16.8915,-275.549048638132,-147.680264668616
16.892,-254.198378855659,-148.790826446224
16.8925,-215.797670214328,-136.446285898782
16.893,-182.886681347044,-125.063195196573
16.8935,-149.505060388662,-119.49986345768
16.894,-111.196957228635,-120.981880911814
16.8945,-82.3599168630086,-128.924416118788
16.895,-72.0228333295828,-135.303141120988
16.8955,-66.3034826388797,-128.35928757672
16.896,-50.7180756539081,-106.342151034465
16.8965,-29.9140872967844,-80.0711108291963
16.897,-8.59834374270486,-59.3472690348607
16.8975,25.8117634310363,-44.7003347540213
16.898,77.9334766307915,-34.2304027379148
16.8985,119.553424892909,-28.4941377064516
16.899,119.840416949285,-24.8332537132449
16.8995,90.4282138165995,-16.9950171280728
16.9,69.1940880402781,-5.55192023367119
16.9005,63.9400875757446,1.15329762676362
16.901,46.3428339364953,2.02063616048744
16.9015,5.17636408697833,7.63028743686631
16.902,-29.5022680734881,21.0199553080628
16.9025,-30.0828381954131,25.6600981682363
16.903,-12.2088823902621,5.8479241922695
16.9035,-12.536235414819,-28.8929022288301
16.904,-44.1176553457755,-54.3976627247491
16.9045,-91.3479311948312,-61.6628786056507
16.905,-133.645497379626,-60.816482455098
16.9055,-156.658588356522,-58.5856067079875
16.906,-153.339919720083,-49.3304318262449
16.9065,-132.208159346172,-30.3777524368934
16.907,-114.899838221654,-9.97415387427459
16.9075,-109.902463401531,5.7834281138866
16.908,-99.1052916628834,20.8582471768885
16.9085,-65.6138826982225,37.965770205339
16.909,-21.47501353654,51.957091690294
16.9095,12.4153715204041,62.1656618970214
16.91,41.0874093758633,78.2974074486863
16.9105,82.9558592603689,101.921207788132
16.911,128.772057448432,112.738016004142
16.9115,143.979157788364,90.1854257655319
16.912,116.367969695804,45.1024665012449
16.9125,75.1097364825782,13.6908595381838
16.913,53.0018021335741,18.5444134486047
16.9135,51.0771544591743,48.8277435775017
16.914,51.6049358311912,81.2652033136956
16.9145,47.0794439300347,105.872165332425
16.915,41.4076588136924,122.853212361377
16.9155,35.369123475653,126.770902766676
16.916,25.8026321690947,109.088276697932
16.9165,12.2634646784903,73.943324764327
16.917,-5.30641115206012,39.0703762193385
16.9175,-28.2186132158298,18.3087809787545
16.918,-50.8418572295682,9.93414192364177
16.9185,-60.3030803719998,3.81456951524776
16.919,-53.4987418952455,-6.36185533020235
16.9195,-45.5037328596622,-20.6593336074171
16.92,-51.050429643991,-36.8433279994438
16.9205,-65.2489981014159,-51.6836476526306
16.921,-72.1806549882016,-60.4263539277724
16.9215,-64.680294976768,-59.1749647397022
16.922,-45.6839180496769,-48.7519746426227
16.9225,-19.2795103143205,-35.7761120028948
16.923,6.12077261617159,-29.6512762272574
16.9235,13.5105969903663,-35.9011278940004
16.924,-6.42315246367467,-49.201526448693
16.9245,-36.6282138513536,-55.1780437640174
16.925,-47.2649972590655,-44.9453909918361
16.9255,-29.6116982071497,-27.4130723241675
16.926,-3.46786388738998,-20.1056602144404
16.9265,10.7329188275846,-26.889022092722
16.927,13.5520665972137,-33.4994179162237
16.9275,16.6604596369142,-28.274368276034
16.928,25.4313177072008,-16.9761819711963
16.9285,39.6743457444749,-10.0485220020987
16.929,60.591499647527,-5.90915467192377
16.9295,85.0972277372778,0.432984857198927
16.93,98.8844841474442,-0.215595978714434
16.9305,87.9531050236005,-22.4667467437945
16.931,58.226450136657,-59.8556857792176
16.9315,35.3509167501203,-83.9281016218363
16.932,41.4650030262881,-76.5545562882568
16.9325,75.7096571751323,-52.0583967207328
16.933,119.033873663992,-39.6251800892459
16.9335,154.001981720552,-50.7780061650405
16.934,176.671265802556,-69.9494188947467
16.9345,191.781281051562,-70.9821978370408
16.935,201.657907073336,-38.2710057792962
16.9355,201.635723956452,21.6326153645824
16.936,183.683843322059,83.3656175410796
16.9365,142.424166827489,121.941522371259
16.937,79.8222766915302,132.474408777195
16.9375,6.95608119922822,127.139075055323
16.938,-60.8458803824678,113.637276129868
16.9385,-115.432879262192,87.8580957320418
16.939,-162.272446027908,51.2007902781937
16.9395,-210.549475300357,20.8291730079231
16.94,-256.449353453861,11.2621963691135
16.9405,-282.976211166329,14.4464232733598
16.941,-279.768514279721,10.0825521724384
16.9415,-256.846297951039,-9.66714700147641
16.942,-232.354768655091,-35.975480334794
16.9425,-210.400094652175,-57.6099463648591
16.943,-178.652188669895,-67.5677428004931
16.9435,-127.492389322545,-60.6685884029806
16.944,-64.7911197053767,-38.3912362935439
16.9445,-9.37790118560613,-14.3835819965255
16.945,26.4541960598114,-2.42125901634035
16.9455,45.8770892714077,0.823637753827011
16.946,61.0986185247922,9.42292069171451
16.9465,79.7061921551888,25.0212876991123
16.947,97.2899247765013,32.3939662218811
16.9475,104.244142575759,19.574198383534
16.948,100.105686006428,-8.9628136423791
16.9485,97.9407050740903,-40.6865160405697
16.949,110.568962980235,-64.4137407333084
16.9495,133.381791280922,-68.5577019854457
16.95,146.102830937882,-43.4720038480822
16.9505,134.926159456328,6.59005766109957
16.951,110.456148402149,62.0570239344382
16.9515,97.4667791426258,104.893182840425
16.952,102.738140853504,130.895875050345
16.9525,97.0043244243259,142.570311739168
16.953,39.6375931823426,139.690142848472
16.9535,-72.9080535854423,122.940665645585
16.954,-191.149639815479,97.9132398651758
16.9545,-256.087737589516,67.3140788877876
16.955,-255.887864142546,25.866408679551
16.9555,-227.71295419232,-28.3369872046961
16.956,-205.860347959356,-81.8535269969257
16.9565,-186.858299154114,-114.123948289048
16.957,-152.561039683603,-116.997742400323
16.9575,-107.551787176864,-101.137332642201
16.958,-73.1714646502137,-84.5623001981902
16.9585,-52.5252069353479,-78.4087157942086
16.959,-23.9452459686214,-81.3221443707203
16.9595,27.3629105787862,-83.4778145128801
16.96,87.5355633530782,-76.6313910082234
16.9605,131.345974045038,-61.5556402242645
16.961,150.132158390081,-44.2299952724793
16.9615,153.304416853736,-26.573370533283
16.962,149.409828413805,-6.91101536848028
16.9625,138.196950751063,10.8163963548833
16.963,122.50364866908,17.2610335161219
16.9635,117.243076735998,10.9072841818631
16.964,135.757035160523,4.23211032059799
16.9645,166.549472042611,11.7435197691431
16.965,173.593821593181,35.554184175869
16.9655,129.5758511773,63.9514554019296
16.966,46.7488937114053,78.4605409970653
16.9665,-34.0540502179901,63.170622328746
16.967,-83.8743861154954,18.3248289188988
16.9675,-104.670812734163,-31.805917031465
16.968,-109.611625541073,-55.8591769923987
16.9685,-102.388342060885,-46.2076201538053
16.969,-84.580769455226,-23.2761312315387
16.9695,-68.3243489352406,-4.92014048934913
16.97,-67.0615472896894,14.0490787692611
16.9705,-81.0841040891394,42.3881605496526
16.971,-101.972912945236,67.9116552594546
16.9715,-120.984827494723,69.6388824227714
16.972,-122.481422816167,46.1533367216491
16.9725,-84.3977566916144,15.0912359683796
16.973,-5.11937412034087,-10.7433967128925
16.9735,79.8281503499769,-31.2505455259627
16.974,129.564338641563,-46.990548179251
16.9745,140.500655041599,-55.2288172511042
16.975,137.418094444619,-56.6340905900802
16.9755,131.577933207266,-52.2521149915236
16.976,115.952564585675,-36.2552030965683
16.9765,97.5479560926311,-5.74238903654573
16.977,99.7486811841392,25.9642582396892
16.9775,125.442370831807,42.8075968367719
16.978,148.01991028453,50.2342248361034
16.9785,149.03115033569,66.2911895110635
16.979,135.742529229806,88.8670725141678
16.9795,110.310745371177,94.8169485839563
16.98,56.3896824706941,76.5748747159971
16.9805,-21.1295050603804,55.6856122160085
16.981,-75.3952795393623,49.1331163923588
16.9815,-71.1839491402402,45.0145856241551
16.982,-39.3582628293623,28.6081144259973
16.9825,-41.7939786501917,13.1885604365379
16.983,-92.9183687155551,21.5089290824711
16.9835,-150.513492703677,47.4717504093456
16.984,-177.894126282853,60.1195289253521
16.9845,-178.679453880353,42.4349837609951
16.985,-168.033369044559,5.93242989869762
16.9855,-145.116945663926,-32.6942371565539
16.986,-107.159632663801,-70.0604870264232
16.9865,-65.2880939242033,-107.053302627625
16.987,-30.9534382544791,-136.788494004029
16.9875,-3.22093923755764,-149.525167617465
16.988,19.0380434055735,-142.360672602905
16.9885,27.4340577730681,-121.034857893426
16.989,18.1276720461161,-98.363131588005
16.9895,3.53354593726614,-89.8411739054421
16.99,-1.12059169483425,-100.347999190432
16.9905,5.36218997874859,-113.492955096318
16.991,13.9654322220836,-104.520855684374
16.9915,16.5794556800221,-67.7349200910893
16.992,6.06678196535755,-22.8293868010751
16.9925,-24.6557506728576,9.488886953324
16.993,-73.5154142178069,29.5321774790783
16.9935,-124.875356748023,51.4151077773782
16.994,-161.924981821376,81.7748718057285
16.9945,-179.581180257295,112.824986471464
16.995,-180.817736327176,132.010402361276
16.9955,-166.936093653928,131.983662103253
16.996,-138.669523360755,113.009681084614
16.9965,-103.51292366311,80.2719204130131
16.997,-75.4489441423302,39.0691876949231
16.9975,-66.1040672568773,-6.88139832390338
16.998,-75.2839624824851,-49.139013556407
16.9985,-87.7015181150635,-69.3468772670995
16.999,-81.91867583367,-51.3322654092407
16.9995,-48.9869042304212,-3.11966956557467
17,-1.15244272642519,42.6454577183001
17.0005,43.7711630818237,59.159105667741
17.001,83.268961246348,51.0611644929801
17.0015,126.769833705745,42.1257262022815
17.002,175.6526183777,44.3780163628799
17.0025,219.77706333285,50.9807560449674
17.003,253.252742105296,54.5730172723528
17.0035,279.759602923057,56.1153604945394
17.004,300.738267428286,53.8746914299438
17.0045,312.291557959971,40.2721862131605
17.005,316.29972378537,17.9922259276189
17.0055,319.781197954038,6.2348046202886
17.006,319.674393717725,18.6711186286775
17.0065,304.876924694946,43.1150418396624
17.007,279.058551526144,55.7567204779081
17.0075,261.936167624096,50.2673715774815
17.008,256.091754234727,39.2281489486111
17.0085,231.273488476435,29.8857242070932
17.009,160.874318186565,14.5405918344551
17.0095,62.3497578610868,-12.7533258824128
17.01,-19.0621552213777,-44.6897923300487
17.0105,-60.8876512663041,-71.8845808332381
17.011,-78.9734649649417,-93.3697758173794
17.0115,-96.5440881942466,-108.432040494766
17.012,-118.295339553287,-109.326061781202
17.0125,-138.165140409537,-93.0623442424961
17.013,-155.493874017181,-72.7445543981107
17.0135,-174.759158394203,-64.9867333838381
17.014,-197.981318217882,-69.3324509717428
17.0145,-223.678910517705,-70.0469761153152
17.015,-248.773322266171,-56.2298040908312
17.0155,-269.104480676542,-32.1706935285175
17.016,-282.293508877608,-10.5410882912807
17.0165,-290.375029428859,-2.97562669135192
17.017,-294.976636852783,-13.8483178667477
17.0175,-291.294088683225,-34.9636185340574
17.018,-273.304677169388,-49.8116961018159
17.0185,-244.055437294984,-51.4463670019154
17.019,-213.440450531091,-51.6032157229239
17.0195,-185.729192626699,-62.5816306783341
17.02,-157.112346497929,-76.3284042749999
17.0205,-126.940748786904,-74.986373727324
17.021,-102.999776162804,-57.3995308469628
17.0215,-91.0386157354988,-38.6780369406034
17.022,-84.8829729704056,-25.6260566014584
17.0225,-72.9993920218114,-10.9064283947617
17.023,-52.5032487415402,7.67145361158174
17.0235,-31.0184003950212,21.5410619792408
17.024,-14.1723834956061,29.0590473728062
17.0245,3.88376094970503,39.8110569131379
17.025,33.1520259234402,55.6087093947953
17.0255,71.983723630741,66.8521815755985
17.026,104.235920398549,75.3483291149135
17.0265,115.809641193524,98.8906799835239
17.027,110.605840224691,140.527251718405
17.0275,105.565969123777,174.214173521381
17.028,113.307145383615,177.88691548343
17.0285,135.701803825909,162.477257287318
17.029,170.211485705028,149.843702990844
17.0295,211.749343880917,140.81420848617
17.03,248.947783463995,127.992135006746
17.0305,270.286287372975,122.217124362675
17.031,276.085674538492,136.130441252463
17.0315,274.347071833757,152.304178978465
17.032,264.876249042861,139.532983853027
17.0325,242.326548509211,96.3595375662425
17.033,216.754050534214,49.063719522819
17.0335,210.197031887633,10.7053809141002
17.034,221.842222962248,-25.3854017301095
17.0345,215.836967103364,-53.1554769199422
17.035,161.651624773273,-53.3041584519249
17.0355,73.1009954174149,-33.3091395817666
17.036,-11.3974255616948,-30.7260924579705
17.0365,-74.8635924100986,-59.8790059085206
17.037,-125.494252234061,-87.5783717232495
17.0375,-164.356758899837,-83.005364479687
17.038,-178.270140070076,-62.8331598356554
17.0385,-165.608567001376,-61.0319770179201
17.039,-143.85454650026,-79.0782686526167
17.0395,-125.667308070072,-97.5444424125846
17.04,-107.561539469712,-118.254332551394
17.0405,-87.2662442098307,-158.397924529481
17.041,-71.5330349168823,-210.373566422828
17.0415,-59.0493998606826,-242.09441150083
17.042,-35.7446923603743,-238.901907388564
17.0425,1.55969973484278,-217.803627191343
17.043,33.4789716693229,-196.564972077371
17.0435,41.8439083017209,-172.955023326624
17.044,30.5249296510256,-140.721638871405
17.0445,11.2613848123098,-104.909944014533
17.045,-15.5728003574257,-72.1565908371602
17.0455,-51.7274030792122,-41.0947946443376
17.046,-87.3708085232597,-10.0778407669827
17.0465,-114.740318671107,17.8398180353259
17.047,-144.221495422573,42.9877881646817
17.0475,-186.36109078661,70.2111807105562
17.048,-224.866403106773,97.3359178009699
17.0485,-229.592118957266,114.409856021931
17.049,-195.939983497677,118.881209825992
17.0495,-152.760451329261,118.934689517619
17.05,-129.550112392783,115.829787854456
17.0505,-131.92576236128,95.7872660087416
17.051,-150.194648251498,49.4972697185433
17.0515,-172.475910363717,-7.75085105679043
17.052,-182.435853768312,-44.0788187882313
17.0525,-162.221690199627,-36.2686319350837
17.053,-111.440405423197,14.0860807189356
17.0535,-53.2808708275441,80.2594911687106
17.054,-9.62674719414698,122.15388934475
17.0545,23.1001191460041,109.999592489298
17.055,62.9778217855369,47.9053407355809
17.0555,115.117505723947,-28.0454146892228
17.056,168.78085418967,-79.6896487556968
17.0565,217.72657687754,-92.0885651575804
17.057,267.436194156266,-70.2805726296479
17.0575,319.813553413666,-23.8274511910383
17.058,364.301487954494,36.3975318791489
17.0585,390.245956622614,94.9467578853286
17.059,397.89001100256,139.10960473851
17.0595,390.249023935398,169.53320151899
17.06,363.376650603801,195.195274699834
17.0605,313.675255934703,217.299442628725
17.061,246.915055311346,224.960452910991
17.0615,168.885735866741,208.651869983414
17.062,74.3311207111544,173.039244667352
17.0625,-39.0468890580299,133.485123903394
17.063,-148.709413724051,101.487618204018
17.0635,-219.347991379682,75.3569758089258
17.064,-242.707593219473,44.9646669520082
17.0645,-248.890896409721,4.42154179364841
17.065,-268.177126180685,-41.1792094944302
17.0655,-295.411664446989,-80.9615343361751
17.066,-304.877113972019,-106.882912054975
17.0665,-288.213853060855,-116.083856701248
17.067,-260.138914607979,-110.140501999773
17.0675,-233.158087689541,-97.6152796995392
17.068,-205.224860706333,-93.6721823491519
17.0685,-171.783495284459,-108.53151617609
17.069,-134.046960578958,-135.183692415369
17.0695,-93.2154152301988,-154.231852542324
17.07,-49.1389999716882,-151.849006010556
17.0705,-6.30602142966907,-129.221807351622
17.071,30.4976609596769,-96.8352833399577
17.0715,66.9902088349657,-66.7871089216125
17.072,112.878763610494,-49.3197707086828
17.0725,163.313376638967,-47.357834135799
17.073,201.059086903492,-52.3171029302911
17.0735,220.32383218249,-52.1696308823567
17.074,234.011078626539,-44.1610811026186
17.0745,252.405827206394,-32.3832938655094
17.075,268.970135851739,-14.9320413148296
17.0755,273.424700246177,13.9708467590667
17.076,264.005291846835,47.7689222066472
17.0765,238.618003061763,68.3670708472009
17.077,189.749852491348,69.952064621567
17.0775,120.61285026715,69.4497434381301
17.078,52.481716525742,83.5725477156244
17.0785,0.712164781765801,104.61620734214
17.079,-45.219615215306,108.836000058909
17.0795,-100.618235433309,82.3746334254984
17.08,-154.165375465499,31.7116531825821
17.0805,-179.082533667956,-23.5103080572361
17.081,-172.458505900454,-60.6637098058387
17.0815,-161.204790707515,-67.2776170113727
17.082,-164.317618427873,-54.423557764725
17.0825,-167.465087085054,-48.2716942364041
17.083,-144.895760362739,-57.6468786912831
17.0835,-95.3423684808191,-59.6218644403505
17.084,-45.7914416638334,-30.288971535475
17.0845,-24.4428999299592,19.9477690297389
17.085,-36.4908755444565,57.928809068897
17.0855,-63.2679468292662,66.2707280995142
17.086,-80.5105290814905,51.9982337158847
17.0865,-79.7117856316259,24.6216114686963
17.087,-74.707418962765,-10.0154954011508
17.0875,-85.6080511369406,-35.6694491075576
17.088,-114.640288351901,-32.5942559436144
17.0885,-140.389021641613,-6.68011593686398
17.089,-138.39700271736,9.01912930838624
17.0895,-106.139218668892,-8.32163739615425
17.09,-64.9948938593534,-48.7795668355654
17.0905,-37.2465899296006,-91.3505742906505
17.091,-24.0681781850438,-127.829649203476
17.0915,-9.95046789030368,-153.346582755491
17.092,12.4964538274783,-153.47819537324
17.0925,30.6894090037135,-120.288856141461
17.093,30.3420105499375,-69.4865362321806
17.0935,17.3882817194589,-24.5685467760604
17.094,10.0984854805955,6.87268491525229
17.0945,13.8917061717581,27.3008204172878
17.095,19.1084169732336,33.5632132994341
17.0955,23.0393274509242,27.0574138255112
17.096,35.9133987868064,28.4046396645416
17.0965,59.9370224689021,56.9262230528033
17.097,80.4970509193442,99.3653618056816
17.0975,87.9223209705454,122.812899531808
17.098,91.5827574125141,117.966276421059
17.0985,100.296574456274,105.853616915248
17.099,105.483740180829,100.042992800216
17.0995,100.463652998314,88.4473306047535
17.1,101.084185019164,61.2401929131965
17.1005,124.753939703829,32.3923111923661
17.101,158.892887318076,18.1598508528847
17.1015,174.524342987151,12.6133091044128
17.102,166.025511173356,2.17551989318363
17.1025,152.449754960301,-8.91130337322042
17.103,140.767962835898,-6.39557731697668
17.1035,114.647202780736,8.72248602831822
17.104,66.1840092000017,20.396218448276
17.1045,15.7337200596528,19.8057403259286
17.105,-11.8384249182633,13.4930047052385
17.1055,-15.6485560416264,10.8187725231067
17.106,-13.3013406541454,13.9083606088655
17.1065,-17.9554033969218,18.3654434531085
17.107,-28.5928761735992,16.2220993957298
17.1075,-34.3828085263586,2.26463929713024
17.108,-24.556564757071,-15.1910361331552
17.1085,-2.90193669589713,-16.1752911669731
17.109,7.42765931811595,9.63396953678422
17.1095,-12.6943713127296,50.6768225978305
17.11,-49.2317992142251,91.1939995897387
17.1105,-67.224126289212,129.640022128319
17.111,-57.6339386794139,165.32966942069
17.1115,-53.2370093959846,179.387988613717
17.112,-87.185448120819,152.351016872236
17.1125,-151.535267250765,96.3256518828071
17.113,-209.620369382439,46.1567070062414
17.1135,-236.19380717465,18.7056025098829
17.114,-231.32823191163,3.07856193650427
17.1145,-206.351930004796,-9.58728862516762
17.115,-173.252078534287,-15.3019251434632
17.1155,-142.241973766009,-22.5682764578528
17.116,-114.613592198941,-57.0229891755228
17.1165,-80.073219287217,-122.320413214469
17.117,-32.0636573793803,-181.184622190511
17.1175,17.581402866083,-199.384063303928
17.118,50.3064360210841,-190.728259418554
17.1185,65.1930448997098,-192.508169253089
17.119,81.0757740179152,-209.596715399022
17.1195,113.534831921786,-212.353468765506
17.12,157.368882643573,-184.438197775009
17.1205,193.626969713694,-143.202676062417
17.121,209.202040920293,-110.054026857783
17.1215,206.903737811997,-85.7827280966675
17.122,196.726346669451,-62.4848039140366
17.1225,179.067662793292,-39.6252656652227
17.123,142.323070640602,-18.5495825516839
17.1235,82.0825895310372,4.14980406692017
17.124,16.8947009316515,28.6880564132179
17.1245,-25.2798793701974,48.1513751690965
17.125,-33.8429957867724,58.5179162816447
17.1255,-19.4378286178004,62.7819984297639
17.126,2.88918972872755,61.649646598485
17.1265,19.4562281145611,51.8528405662507
17.127,13.4440198351974,37.3848979646588
17.1275,-21.6738895453741,29.390224021136
17.128,-63.530115432208,30.1511081815545
17.1285,-81.2083835273523,30.9305358196002
17.129,-79.2184506891034,31.015049712303
17.1295,-93.3158986943248,42.1780167916864
17.13,-132.933481135601,64.4279720650894
17.1305,-160.171770554677,74.7301432114206
17.131,-146.57500695682,56.6387237098972
17.1315,-120.774454498726,28.6083401721685
17.132,-128.994055806793,21.9532442813138
17.1325,-169.503240130292,35.5831434421351
17.133,-200.255273223118,32.9441021893398
17.1335,-197.281432873146,-13.778236165836
17.134,-170.16506944282,-90.8768808286975
17.1345,-127.884634325839,-157.493592146384
17.135,-65.9871377988583,-181.515179883869
17.1355,11.6080409582367,-158.719742031615
17.136,88.8595804043306,-107.40649159905
17.1365,158.665609362897,-50.3304669251731
17.137,222.390019629245,2.74038703407734
17.1375,269.239937211725,57.4765666144787
17.138,284.628324634015,118.298315408381
17.1385,280.848891105726,173.590598409354
17.139,289.809936560438,206.69244062936
17.1395,318.764572605743,220.737120374095
17.14,338.96674680525,240.930315874667
17.1405,323.708438332029,286.094807510711
17.141,272.01092284796,343.157492619193
17.1415,190.652728508945,374.370678434538
17.142,82.8026210229165,347.926954776395
17.1425,-36.8861719721022,261.557072063714
17.143,-145.706512447138,141.093439716485
17.1435,-242.260503975415,18.257616765952
17.144,-342.407505462817,-91.778483394346
17.1445,-434.649698464785,-190.069900715744
17.145,-475.670270888536,-271.115070228684
17.1455,-451.030722113632,-310.480108613788
17.146,-404.82284893871,-288.554219968842
17.1465,-378.996031069318,-224.002042105293
17.147,-354.440085374718,-165.935661100069
17.1475,-290.542542258389,-145.134080009921
17.148,-198.94634441122,-145.007112819586
17.1485,-131.572416755148,-130.120924112101
17.149,-105.788370633564,-92.255338450711
17.1495,-87.1252480035746,-53.8836389148177
17.15,-46.8340828417371,-32.7866175857837
17.1505,4.97131094036937,-22.0516876869494
17.151,52.2926972652483,-8.02407097423374
17.1515,103.452695858944,8.07545420711192
17.152,172.320012543991,16.4617748760141
17.1525,254.426666473447,16.6608615127316
17.153,336.819997331068,15.4144386532187
17.1535,413.077734022067,9.32266529846391
17.154,476.928622217169,-16.0715297237783
17.1545,518.136994606795,-63.43415555544
17.155,535.604060759275,-108.374314507697
17.1555,539.281965237052,-117.744234253065
17.156,530.140838276468,-83.2516316806148
17.1565,494.594026634095,-29.9587567069009
17.157,428.637114644764,9.73120609490827
17.1575,350.594051907118,23.9680667047887
17.158,277.424331424306,21.6684279013234
17.1585,203.499474878157,14.8422457436675
17.159,116.188339553433,10.3492481470618
17.1595,17.7309828026765,14.0973561037841
17.16,-83.4940812906019,29.4344625936822
17.1605,-188.086361576756,48.006381654008
17.161,-291.278909942278,53.4719695261458
17.1615,-365.382798168182,42.0695607499112
17.162,-383.653194160365,31.4599915807003
17.1625,-360.419688281556,38.3266158394434
17.163,-342.177877671404,51.7494496636025
17.1635,-351.952508367447,42.9626891407823
17.164,-362.435585455145,3.59006553055251
17.1645,-335.172618636338,-39.5818139138388
17.165,-271.126646891862,-56.157131211389
17.1655,-208.069848207202,-47.6805627650389
17.166,-176.806551308157,-38.7043894097604
17.1665,-175.13339968357,-39.2325669197553
17.167,-182.185222672917,-34.5464876065168
17.1675,-183.809177289207,-14.1888109928135
17.168,-179.324342822231,8.44813195750964
17.1685,-172.719144600351,17.4415395098979
17.169,-166.02554618525,21.4922488517059
17.1695,-160.663407924376,42.071613785522
17.17,-159.461073009886,79.8802052199103
17.1705,-163.180714347795,110.698911225636
17.171,-164.992022940126,114.777690186435
17.1715,-151.733409675388,95.0723818698213
17.172,-114.175161502147,64.7056326511437
17.1725,-55.9938511038035,32.8930175693059
17.173,9.65919651580622,9.39322012416256
17.1735,71.5756886672701,7.25405972177451
17.174,125.13105871786,29.6812171135285
17.1745,167.317137334221,63.6105696268431
17.175,194.477263918056,95.2275926710409
17.1755,207.06182532634,121.899536873453
17.176,209.428306667326,139.611518591815
17.1765,201.317044440795,131.654622105975
17.177,178.179724598622,86.656388621236
17.1775,146.127902185222,21.654538571853
17.178,124.521696853333,-29.6271670435809
17.1785,118.71458161862,-50.7089426779572
17.179,99.3564332822226,-52.6936603364281
17.1795,33.462553625914,-53.8632707290203
17.18,-61.3511249255822,-62.6092814618595
17.1805,-119.394381964824,-79.217327582031
17.181,-98.0864803128917,-100.150771790952
17.1815,-27.9332977844773,-118.10645418873
17.182,27.1404313834103,-128.100815458132
17.1825,45.1341264558481,-134.396490063572
17.183,59.4374287393188,-142.77934738958
17.1835,106.41691621953,-148.434813528504
17.184,184.92555783429,-142.250817953545
17.1845,265.260566672046,-125.427088210194
17.185,313.188586429032,-104.142191758318
17.1855,303.730457759585,-73.4826158866528
17.186,238.244503108629,-24.4759410926188
17.1865,157.388553048776,33.3704522018477
17.187,113.881156301159,75.9004836735632
17.1875,118.05394010272,93.8812954334894
17.188,127.65244600477,101.016332198589
17.1885,104.410387571763,109.690494096104
17.189,62.3942268578279,118.697489518218
17.1895,43.6010960394516,129.248813934383
17.19,62.7200595478472,149.13291414226
17.1905,98.206685380999,170.269986319842
17.191,126.306954032336,165.126268667269
17.1915,138.386033872394,121.4724116349
17.192,128.244538003576,62.4472945258575
17.1925,86.9633049940457,16.7346453824202
17.193,16.0423824666831,-12.5753759884365
17.1935,-68.9484048689744,-33.01073339657
17.194,-151.711387472741,-38.529267934207
17.1945,-222.871489033313,-24.6440606751498
17.195,-275.993404275745,-10.397228952754
17.1955,-307.951916400052,-17.1007152624465
17.196,-323.131359285741,-37.0361322223068
17.1965,-327.826063698053,-51.3571021615971
17.197,-323.091420180256,-68.0028586489477
17.1975,-311.477554176497,-108.689963838317
17.198,-302.143969727818,-163.410410646882
17.1985,-294.713011615527,-193.497171798133
17.199,-267.540232636525,-183.188758600545
17.1995,-204.243133104358,-156.265968383248
17.2,-127.787763235442,-135.655529337656
17.2005,-82.8112404142659,-117.906985021665
17.201,-81.4908095294873,-97.0793551174364
17.2015,-90.2278146684986,-82.0639434052688
17.202,-73.7338530583065,-73.9322751405691
17.2025,-27.3574407053012,-53.5244002088951
17.203,39.7939442164229,-11.5637395548646
17.2035,122.419753831255,30.936072230003
17.204,202.432517450546,52.2214520126395
17.2045,242.973516656322,59.7179938734826
17.205,226.97781061696,69.973734049075
17.2055,185.72331368528,79.1952629988904
17.206,161.986725534257,79.4552189570943
17.2065,155.565964924015,87.013026254417
17.207,132.830164177512,122.614459482971
17.2075,84.2150483075274,171.60904476698
17.208,42.2547246141087,195.201391409586
17.2085,37.5895638807396,180.416894560519
17.209,59.4465545629664,149.811962078007
17.2095,68.6583766550188,118.513078420975
17.21,36.7235956788533,71.5999105448188
17.2105,-32.5080032120941,-3.11432705639542
17.211,-108.023734163522,-83.8874493405611
17.2115,-155.068275946019,-136.884873784705
17.212,-163.479296926798,-157.181899103261
17.2125,-154.143557058891,-169.198365272874
17.213,-149.416731501976,-190.342280536657
17.2135,-142.72279529995,-209.734235411481
17.214,-112.606207405924,-204.894207477255
17.2145,-61.7715643930377,-168.499288870998
17.215,-18.9865674216002,-112.223581195985
17.2155,1.38859048687833,-49.116294293702
17.216,18.8491463330828,18.3280316868068
17.2165,55.3660588614214,88.6069863108257
17.217,103.31712017479,147.216641066262
17.2175,138.58402479936,175.428507829205
17.218,151.93680448579,175.815415227913
17.2185,153.346561494035,176.058516997607
17.219,154.772724417905,197.267238614134
17.2195,160.018291617498,227.614336373706
17.22,162.222619347603,240.857195226119
17.2205,142.604171333053,234.993108807714
17.221,85.7585751519671,235.253241345152
17.2215,8.85315653535819,258.042945714584
17.222,-40.6230464115425,287.94035783036
17.2225,-36.2617347893243,295.856913235297
17.223,-9.68192625375423,267.459741691554
17.2235,-12.0245919630494,207.157043707059
17.224,-46.055519747603,125.950190556095
17.2245,-63.8336557040618,36.156811624177
17.225,-30.6201642184603,-48.5663363694897
17.2255,37.149884411569,-119.123251510575
17.226,102.362517576141,-175.545009586113
17.2265,147.352609240177,-218.902033891658
17.227,171.423130816215,-241.318176825213
17.2275,173.608246018201,-232.874215709447
17.228,158.19455739919,-200.159828490142
17.2285,142.357701520966,-170.847488697949
17.229,139.639166386643,-173.169648010135
17.2295,145.414630110683,-210.325201291682
17.23,151.990413389279,-258.497146780046
17.2305,164.356227401735,-291.6272904938
17.231,183.547245052881,-304.200700636174
17.2315,187.489603930737,-304.843012398374
17.232,151.661641976985,-292.375549702639
17.2325,82.8097384880339,-252.182576902934
17.233,10.1662224601732,-181.295933558997
17.2335,-53.4817127990771,-103.409089258437
17.234,-119.899127609619,-45.8654004589875
17.2345,-195.898942487033,-10.056975468741
17.235,-269.791153348404,19.9397322166176
17.2355,-332.011406267328,45.8115009833536
17.236,-387.629765465127,53.1136516035403
17.2365,-439.684074163476,41.1792396808052
17.237,-477.784187111176,31.5176461136753
17.2375,-492.924685585029,36.7176433267234
17.238,-489.041999732036,40.7064362622163
17.2385,-471.70372543491,25.7161909378912
17.239,-440.6429359033,4.27700713623706
17.2395,-402.710550898737,3.84994007102818
17.24,-375.557182685627,26.0974234409612
17.2405,-364.36307772322,42.3217870131322
17.241,-347.715759967232,31.1223722585888
17.2415,-302.306958649753,3.89129942018758
17.242,-233.681364377901,-13.5611071000519
17.2425,-168.928682296551,-12.6339204014028
17.243,-124.37022654819,-4.66365715784468
17.2435,-90.041050023427,3.09195476938106
17.244,-39.1636504836966,21.5384276494803
17.2445,53.8436425693689,62.3719702034688
17.245,192.415205640729,111.002644353971
17.2455,344.701673493862,130.989029870757
17.246,465.444168907143,105.290863757215
17.2465,544.360787525031,64.0611957761845
17.247,617.815016326008,54.3359717199848
17.2475,715.549292702214,84.8847658931842
17.248,812.377490884588,122.087284641173
17.2485,857.084558760353,142.647765095602
17.249,836.909158152275,163.309033068577
17.2495,784.581147371347,205.19622196602
17.25,728.233605059712,256.500716672925
17.2505,665.096991839224,295.927647360589
17.251,583.509995868671,330.39439688561
17.2515,480.081690354887,373.355330262191
17.252,351.475135157049,398.822954527332
17.2525,198.262881548862,361.407365889608
17.253,42.0120132354554,265.608697237348
17.2535,-91.7803403084894,173.422069079566
17.254,-215.753753195243,126.521714126018
17.2545,-372.523776501157,93.4253179612318
17.255,-568.462017432281,15.341977864815
17.2555,-745.863866077369,-120.045456013032
17.256,-843.095197012371,-271.154798903231
17.2565,-857.798424880883,-385.697291824094
17.257,-827.66192699482,-428.3189989814
17.2575,-773.582753231851,-388.272456718503
17.258,-692.666723529761,-292.637445255166
17.2585,-589.829783064081,-201.799964635409
17.259,-480.886442356454,-161.619854569556
17.2595,-369.016960106421,-162.504610887007
17.26,-246.171231128587,-166.787402441968
17.2605,-116.214145950061,-166.54036117041
17.261,5.64151612857258,-185.139155468941
17.2615,113.908530654448,-226.847807581346
17.262,213.600503067536,-259.723941625061
17.2625,304.018608726579,-255.933674633007
17.263,380.154518163187,-221.294882414506
17.2635,442.980397793712,-174.946536693355
17.264,487.62306116813,-124.616361141945
17.2645,491.189362795054,-75.3516405970475
17.265,440.346121277003,-41.5210353019035
17.2655,365.254590934441,-33.1925954780531
17.266,313.060126120357,-43.4940155813311
17.2665,285.161428210983,-60.5591217784558
17.267,233.298129102033,-77.7096951742254
17.2675,127.289036774754,-82.5098189929884
17.268,-2.59391861873189,-55.6271424558323
17.2685,-104.656688529741,1.99406313507608
17.269,-162.147251589604,56.3490696190149
17.2695,-194.333110757879,75.3226522240039
17.27,-222.497041640937,66.7396777042563
17.2705,-253.283183365938,63.0988841609919
17.271,-279.51578578247,78.572875626519
17.2715,-279.502421417863,103.600962423946
17.272,-229.354112839447,135.899632447728
17.2725,-135.023261508871,189.958464447479
17.273,-41.863541697513,270.281457097206
17.2735,7.18501330351103,353.919436299649
17.274,17.8987573834248,407.350744076267
17.2745,32.8505615665726,410.530679637965
17.275,76.2248726044717,363.713543285137
17.2755,126.271153981933,284.147075498072
17.276,145.207456540945,197.389385259206
17.2765,126.054845812255,117.909681697452
17.277,103.092788238568,37.20578984775
17.2775,114.542169589728,-54.310281052721
17.278,154.683916818509,-136.458875593316
17.2785,169.915652169414,-175.292022956655
17.279,113.816559193806,-175.467537842911
17.2795,3.98256367951013,-186.655885612779
17.28,-91.3188724236058,-237.946710891165
17.2805,-124.836092544866,-290.501213578817
17.281,-111.465989561815,-284.893566786803
17.2815,-94.2924524988246,-219.10309375116
17.282,-92.8225177905175,-142.849941951433
17.2825,-99.0620833296201,-80.1395530795455
17.283,-104.769480372996,0.215706787314417
17.2835,-109.437260226908,125.001418911197
17.284,-110.021350099205,263.983257603631
17.2845,-103.477155222406,361.60067563111
17.285,-96.5512880389678,397.545127234082
17.2855,-96.6826110352687,388.851403015651
17.286,-94.0201203332335,349.646335095701
17.2865,-65.8397654737542,282.136536685288
17.287,-1.33091613251609,201.140776610679
17.2875,83.1126675908094,132.986987508548
17.288,151.480238048354,82.5509705203965
17.2885,170.855199606356,26.4619718198193
17.289,137.336237373315,-50.5849824487409
17.2895,82.8638719819887,-132.20766866175
17.29,42.0192121975894,-193.333542159771
17.2905,6.73262663456963,-228.818399957134
17.291,-66.1557952121993,-246.151112792012
17.2915,-190.705782628883,-245.600351611065
17.292,-318.060036144202,-225.567148299461
17.2925,-388.262764362477,-199.461164497512
17.293,-398.025106685974,-190.220965481567
17.2935,-390.4896659628,-208.518418577189
17.294,-389.949862404709,-244.376802667842
17.2945,-376.257136007572,-276.836235839743
17.295,-319.572397506751,-287.397217112545
17.2955,-214.115511235459,-273.011607550172
17.296,-78.2191252526629,-253.010747556204
17.2965,57.8701935703821,-252.718454875457
17.297,167.651147507286,-271.051085812858
17.2975,253.002148513946,-275.562992843512
17.298,347.950610107097,-239.885039407436
17.2985,475.696475707165,-172.411591365203
17.299,609.954918903059,-94.3459351238519
17.2995,706.166474256047,-6.14755734885651
17.3,762.562866901707,101.70234169478
17.3005,814.685728054926,216.642983879719
17.301,870.561172032743,309.413922195614
17.3015,889.807171965422,364.907524084572
17.302,834.79726222546,381.228227213559
17.3025,708.813233038089,345.541755253449
17.303,535.428415972639,246.989599494639
17.3035,335.326031852201,117.618083219343
17.304,135.092015036505,23.8486842123662
17.3045,-37.497097392667,1.03701718746281
17.305,-184.646400320925,22.6704021701564
17.3055,-332.764918903397,47.6599670012665
17.306,-479.098437768474,67.9606986534032
17.3065,-580.108375763883,87.975943661824
17.307,-615.060319175225,86.5618747225174
17.3075,-624.096668700904,36.6022437865417
17.308,-653.225426540722,-47.5859499835786
17.3085,-695.195254582247,-114.625278594642
17.309,-718.767589237362,-129.498848028904
17.3095,-721.865901989873,-102.439541521165
17.31,-710.35718421304,-64.266097708824
17.3105,-651.961649243205,-30.2866580765339
17.311,-507.974661933342,7.94969120491398
17.3115,-302.019647611182,65.3953540749847
17.312,-106.927678330751,140.599175096604
17.3125,35.9278275527055,208.352936395099
17.313,141.87273178993,242.230320498175
17.3135,231.535674804655,246.711705490999
17.314,301.336435292576,252.927963733632
17.3145,348.181223487039,276.704923713612
17.315,376.551420878735,300.129971167634
17.3155,371.801976172098,306.541691627702
17.316,311.940850451278,310.448719150639
17.3165,219.34214898008,329.458243409255
17.317,152.698599883212,344.172444818107
17.3175,123.123366229114,314.825428391562
17.318,63.007522131773,228.568622269642
17.3185,-84.3807092661604,104.732440725297
17.319,-275.979726196198,-36.2653732380964
17.3195,-409.739321557279,-179.348708926644
17.32,-433.460309787963,-298.209283369482
17.3205,-374.001911241989,-367.483284848177
17.321,-274.340444588467,-392.382420098311
17.3215,-148.710249450611,-395.024451249029
17.322,-3.81209218835614,-371.075545581216
17.3225,134.890811865844,-296.644010888546
17.323,237.867528257525,-186.336037791154
17.3235,296.0403803599,-106.443351232389
17.324,318.908149875679,-109.716345088771
17.3245,318.845896282939,-182.846592400083
17.325,304.931662362812,-275.482787762551
17.3255,283.618305817378,-353.936094715108
17.326,256.466873998509,-404.8817406152
17.3265,217.840630361435,-413.612257644753
17.327,158.144278350912,-372.826997090054
17.3275,72.8555016928279,-302.606288791264
17.328,-25.9899044475041,-233.874321652774
17.3285,-107.10594863322,-175.288165737486
17.329,-138.300198484887,-114.813608809283
17.3295,-113.677140312332,-46.8678446155692
17.33,-56.9881571207957,21.6059021680144
17.3305,4.71958548202259,86.4564027623362
17.331,60.6612955199327,148.101409644793
17.3315,105.390643638551,200.293993699882
17.332,125.016699332661,234.29829942068
17.3325,111.09828935378,254.269012587996
17.333,80.1360207399835,275.120615085006
17.3335,59.2472134110398,304.815495398682
17.334,50.7023771695419,337.20823787964
17.3345,26.9202501892435,357.970141647812
17.335,-30.9089862270787,349.038124964708
17.3355,-99.3262055000943,296.467629293179
17.336,-132.223022978148,208.219981023628
17.3365,-117.423316324134,117.19765554591
17.337,-102.232364426697,50.8603097704867
17.3375,-144.968970206472,3.52336089747228
17.338,-237.499838304651,-44.8078965389171
17.3385,-296.876578621035,-89.4921134329824
17.339,-254.850754323545,-104.525291587952
17.3395,-143.696952003735,-83.8945111991881
17.34,-63.4897499969686,-54.1643181247562
17.3405,-66.3238326448104,-38.3381791353349
17.341,-108.127798444745,-29.9809705294269
17.3415,-124.032817932264,-16.7170023854461
17.342,-110.86580759448,-9.34971029607463
17.3425,-105.609438667431,-25.1694894005713
17.343,-112.867330319596,-51.6720221661881
17.3435,-97.8614124963941,-51.9463784829722
17.344,-42.2984357242109,-10.1917311042701
17.3445,32.5104293537878,45.9348514300764
17.345,99.9963662703136,77.5338083312931
17.3455,153.018662295404,76.6922428901377
17.346,189.113370957789,63.3955000735986
17.3465,202.621963188876,47.3227687640252
17.347,205.009144828411,12.0547150541521
17.3475,228.918399323566,-55.8302125358244
17.348,293.80691857273,-135.498911946661
17.3485,379.498263347592,-184.408422104302
17.349,444.587943442117,-179.777571968473
17.3495,459.77317522394,-137.1271488285
17.35,416.548435663934,-88.997242568751
17.3505,320.383578199376,-56.4661640531009
17.351,190.468164716025,-42.5075624020286
17.3515,56.2930957220909,-40.5424679837498
17.352,-60.6900404881193,-42.0958642313837
17.3525,-159.286723457236,-42.3346419776257
17.353,-244.25444440102,-43.3108783521843
17.3535,-304.853096807456,-47.702672518601
17.354,-317.599250449824,-48.6837462795953
17.3545,-270.637901340343,-34.9183536065943
17.355,-180.589207978652,-9.4826451299038
17.3555,-83.3555024341348,5.53656701838695
17.356,-5.9274412151307,-8.29098788863874
17.3565,54.6445451630754,-41.5552041468243
17.357,118.594140589303,-60.4465116062301
17.3575,185.320196142062,-34.0956976591027
17.358,221.034261030518,39.3582727701251
17.3585,201.538862692198,128.629045076251
17.359,156.018868020342,194.017262879158
17.3595,137.116082512568,224.30698938813
17.36,144.813556191821,245.276990649577
17.3605,114.656639212777,281.463575598522
17.361,-0.48201434665158,317.631180222691
17.3615,-165.179225269575,318.10923621554
17.362,-303.737951428542,279.679025742239
17.3625,-385.648703092448,236.431219204373
17.363,-436.401510642694,206.464348832796
17.3635,-478.259290091645,164.857125800225
17.364,-501.695788385855,87.0166651380629
17.3645,-496.845158328345,-6.88929166849833
17.365,-474.136235331115,-75.368904546925
17.3655,-439.600514819838,-106.736877186319
17.366,-380.613619524519,-122.7068984338
17.3665,-295.688285030043,-142.860329600628
17.367,-212.509718265635,-169.330786887827
17.3675,-150.374355163217,-200.007616853736
17.368,-83.9781400589643,-235.506323520699
17.3685,22.9931395466014,-273.774765966587
17.369,156.936982089946,-308.241925179059
17.3695,261.529472413541,-324.598320597399
17.37,308.083485015622,-295.671359592566
17.3705,325.760717350434,-202.269884382824
17.371,349.78546410625,-74.4863916321736
17.3715,370.174389805591,13.3241257301871
17.372,355.663186149939,15.5766731462987
17.3725,306.991922039417,-34.5903266580007
17.373,255.246455212486,-72.9764838045028
17.3735,216.181473292726,-78.3837331284518
17.374,176.5155390015,-66.5069419294052
17.3745,124.00360554813,-36.8092392429724
17.375,61.2532688706332,23.0056267132071
17.3755,-14.886890947331,89.7021227991459
17.376,-116.598467165072,115.7905283255
17.3765,-232.105412536526,92.8551226040709
17.377,-312.902701195934,58.5937383695433
17.3775,-314.368043094064,35.8557273240856
17.378,-236.260547197601,11.2820483891464
17.3785,-110.821739964184,-16.1405279640658
17.379,29.4328024493943,-15.3956056797271
17.3795,154.621357564511,25.9464177989774
17.38,231.74863002661,72.8116358790622
17.3805,248.019164616959,89.2497105921783
17.381,231.883985235672,80.3905067051061
17.3815,225.20486687424,66.5699037210225
17.382,240.630159683154,50.5650651939949
17.3825,266.264438324751,34.9567005685237
17.383,294.947577491798,38.6711287657844
17.3835,315.421182575463,68.4530030318044
17.384,289.800480910692,102.110525039201
17.3845,188.473580155728,124.44964934135
17.385,48.5818096670684,149.174291013604
17.3855,-51.1193970755463,180.395665572743
17.386,-85.4876373064956,188.752541704914
17.3865,-106.528980904663,158.957599508369
17.387,-155.480688433879,125.73203430726
17.3875,-205.03820704392,121.725082109422
17.388,-223.379802750141,120.97584387731
17.3885,-244.041095028899,80.016843555298
17.389,-313.691993609875,7.03611866198495
17.3895,-400.0137989693,-62.5551273028474
17.39,-418.12537372755,-136.08657885454
17.3905,-344.062225874834,-246.971252060067
17.391,-243.210318998883,-378.496281222341
17.3915,-176.947642865913,-468.929405311905
17.392,-132.237710010269,-496.575259457797
17.3925,-64.3200719536329,-500.110399626256
17.393,32.0850417540599,-502.919577354284
17.3935,125.177511522804,-475.522623186841
17.394,196.679422036736,-395.954011135577
17.3945,261.097494841717,-295.344142811344
17.395,341.259131585289,-208.997799947694
17.3955,439.914531590464,-118.778123477698
17.396,530.771432190702,20.8607329532086
17.3965,572.620816092992,221.700456564672
17.397,543.346739672343,449.424344098584
17.3975,464.576940073887,647.422298159743
17.398,379.754073015112,753.530395916968
17.3985,303.887441714749,726.663786271629
17.399,211.012537500176,590.276079624865
17.3995,77.6475262663748,427.662770194644
17.4,-79.0592398048502,302.457047536992
17.4005,-218.082316537186,200.905514372337
17.401,-316.046458286909,80.6795152655491
17.4015,-379.822884323926,-47.2933902585359
17.402,-427.497127947695,-128.691889359958
17.4025,-468.75052386503,-146.158093085437
17.403,-498.64720122828,-141.668582192124
17.4035,-502.290191612272,-151.460380682472
17.404,-469.546789406921,-159.231612050202
17.4045,-410.220852698756,-133.355152764841
17.405,-350.262926719025,-81.1300995495838
17.4055,-309.714702391986,-38.739248421835
17.406,-287.818197651247,-20.8490681456833
17.4065,-268.628516708544,-5.97750972355448
17.407,-235.134542006649,28.8106004782924
17.4075,-181.398380486975,77.147217144798
17.408,-120.100521703536,112.92668363895
17.4085,-73.648733699919,119.653117420493
17.409,-46.3540967752022,101.841881066157
17.4095,-12.5078341454844,71.547683679895
17.41,50.8786516312754,33.099567079873
17.4105,126.326483528518,-15.4072806487336
17.411,174.28656695817,-70.5963538410236
17.4115,186.642220085915,-120.07835250645
17.412,194.620341447547,-150.83733673949
17.4125,220.580174579564,-159.107658366138
17.413,250.757716247243,-152.812503500545
17.4135,264.466156766892,-145.936482494121
17.414,262.627708984972,-147.744621968011
17.4145,254.951999743379,-154.416161490974
17.415,244.592986686711,-153.981813447778
17.4155,239.085739459518,-141.995527013525
17.416,250.296613323238,-127.081131088282
17.4165,268.088856538156,-116.750846679821
17.417,261.798558205486,-104.756860719047
17.4175,226.418642063121,-79.4067295651602
17.418,196.833424917599,-37.2362993293795
17.4185,191.006794769099,18.9534853235305
17.419,170.89707488951,84.3712649584725
17.4195,96.2757445925054,141.959846700559
17.42,-8.0544520509315,162.057202002693
17.4205,-82.5221444839605,135.86021368886
17.421,-113.53879991548,101.504556235863
17.4215,-136.608913594581,107.522414298361
17.422,-167.367680665724,149.099857486151
17.4225,-182.007981733413,169.607973326108
17.423,-172.684942090841,131.611833421096
17.4235,-173.081704367311,56.5596894045399
17.424,-208.337803079422,-17.0307016255564
17.4245,-255.999397706134,-81.7044864316252
17.425,-279.806030807166,-145.089920940065
17.4255,-273.954050844272,-194.976983464183
17.426,-250.526597404489,-213.741792977057
17.4265,-207.703206567205,-210.971914853045
17.427,-138.698127882854,-207.175969472422
17.4275,-56.6276276220474,-192.825635962349
17.428,18.789444839935,-137.600703708223
17.4285,93.734168942674,-40.581368764041
17.429,192.830276013975,60.0964498735604
17.4295,313.918246255398,134.713873069159
17.43,408.182719374514,192.656814787333
17.4305,418.887069105163,254.091135407777
17.431,339.695176780791,312.360121264599
17.4315,229.429254902621,340.948847193151
17.432,163.165945388084,325.924414503036
17.4325,164.682911350475,277.244895041714
17.433,189.802194203823,214.528031721076
17.4335,178.863949502672,153.459707767414
17.434,116.606559274965,103.857501710448
17.4345,30.9029044050772,71.5914319476078
17.435,-55.2805459576905,57.8693453110021
17.4355,-146.278731899899,55.1542532346237
17.436,-246.546631912878,44.3320599101767
17.4365,-335.499729441645,3.79189383856542
17.437,-385.461250813214,-69.5836284671036
17.4375,-395.229587890477,-151.513029010006
17.438,-392.045673450364,-212.166500271307
17.4385,-399.765333597825,-245.770638515016
17.439,-409.355867213378,-269.494981538586
17.4395,-382.627869479385,-295.914238441503
17.44,-290.002405513086,-319.746817589482
17.4405,-148.870870118043,-331.970136521502
17.441,-17.9285176795129,-331.783385282225
17.4415,54.3978752749454,-319.037356990726
17.442,69.5705953242267,-287.504848170286
17.4425,61.4289781606927,-234.018739899548
17.443,55.3120902869499,-165.827792193019
17.4435,61.3527372185326,-91.934316490036
17.444,90.9615097660342,-14.9485024865351
17.4445,148.598532589903,61.7625045434477
17.445,211.665020872286,127.422389885326
17.4455,249.114059303519,174.011013062048
17.446,260.062689379083,207.390025973389
17.4465,263.757900175123,237.733969387581
17.447,252.00485189408,261.429393799541
17.4475,192.064846505901,263.174812426766
17.448,89.6668260459338,237.547378910641
17.4485,9.65661368202625,199.668862295553
17.449,7.74511951846605,168.995164858753
17.4495,69.1517299288837,146.304514479903
17.45,140.55004948845,112.858933344932
17.4505,197.117846428219,54.0356257209995
17.451,246.338682946976,-18.6677738093747
17.4515,284.704618418725,-72.0161059776574
17.452,288.863156442089,-78.4814722347384
17.4525,247.543906606453,-40.2936641819934
17.453,175.409951586951,10.3350991334046
17.4535,94.2793717255218,32.1538289565364
17.454,18.4352815426119,1.95638347316721
17.4545,-43.7370620203763,-66.7514139525499
17.455,-89.1592291126706,-128.723601037707
17.4555,-120.045002090963,-142.285919839185
17.456,-137.092923720432,-109.340376846161
17.4565,-141.378980636578,-73.8759231622911
17.457,-147.802418756149,-72.8059521919624
17.4575,-176.205232545815,-96.5543570343956
17.458,-215.405118382615,-108.848136666476
17.4585,-219.156741002718,-94.659570607197
17.459,-160.475271154483,-68.9707013199948
17.4595,-70.8914398237789,-42.7036160924101
17.46,-1.66863646792351,-4.82307051075821
17.4605,33.0995352303497,54.6001771802051
17.461,45.2606152869992,122.871810969692
17.4615,28.145061521873,178.046884210975
17.462,-32.0636964503519,211.509867893445
17.4625,-110.474122478983,227.383540146382
17.463,-156.702543713034,230.618574850999
17.4635,-158.724185129038,226.109684176284
17.464,-154.94098088428,220.30529853226
17.4645,-175.95351482713,213.21886413165
17.465,-210.058684941563,196.437275819063
17.4655,-235.250350457698,168.203471492634
17.466,-250.533440437696,142.10960190197
17.4665,-261.849739136998,130.571019145046
17.467,-266.231758761718,127.140249817556
17.4675,-263.412896681481,115.21706815037
17.468,-258.226111958598,86.059530876849
17.4685,-242.505998176312,37.2252269632495
17.469,-201.729189815232,-36.047593454511
17.4695,-147.067145219524,-129.67231171097
17.47,-108.990184799753,-215.722597736444
17.4705,-88.8185975639731,-259.038118136315
17.471,-52.0716725745769,-252.993103156527
17.4715,15.0440390374126,-225.231219938761
17.472,81.0344416097239,-204.05106301249
17.4725,123.921504519844,-190.869240965309
17.473,172.547454872239,-170.600646356906
17.4735,259.814938767111,-138.525268461041
17.474,364.726074713433,-108.774817374465
17.4745,438.434822576492,-100.273363642916
17.475,466.402994285595,-118.581489026982
17.4755,468.805584730332,-149.538529735221
17.476,458.34748116802,-170.228158773769
17.4765,435.644395188643,-168.760914263519
17.477,411.741616233146,-151.692602046795
17.4775,395.829927176816,-129.692347107728
17.478,369.117554828595,-102.504655778612
17.4785,307.165438710328,-65.8727531914084
17.479,221.03188907193,-26.7829095015448
17.4795,141.402880972302,1.4805381284837
17.48,70.9274450012648,17.7570095994103
17.4805,-7.41564136277991,32.8102140673287
17.481,-79.818578435324,49.4128954277469
17.4815,-105.627084664711,56.4051671083309
17.482,-78.0499507674975,47.8920845925817
17.4825,-39.3968375332897,37.2197243825117
17.483,-23.9384498702965,44.1491510718676
17.4835,-21.647888302513,74.3062526943021
17.484,-11.1257534268542,116.375936106041
17.4845,7.06643730138209,154.185194866208
17.485,25.3533979219816,177.752883908009
17.4855,42.4195732134193,187.515098954365
17.486,41.8654556796392,190.945698103675
17.4865,-8.94883205220584,191.848726905529
17.487,-112.985453868601,183.828890921922
17.4875,-224.191839893166,159.949297127216
17.488,-301.924573850296,125.578587821056
17.4885,-361.307586219216,90.9449603654159
17.489,-440.196050866246,52.268867235771
17.4895,-536.997243419759,-5.3429432573069
17.49,-614.406065403479,-82.6117356092714
17.4905,-648.719606962295,-157.118738640239
17.491,-638.882845774129,-205.901598284466
17.4915,-577.065658924364,-225.749255108451
17.492,-452.982311434919,-225.095633736152
17.4925,-292.506200369697,-208.595665260599
17.493,-155.09655805975,-179.473124010153
17.4935,-75.4802950356117,-146.98360162039
17.494,-28.7934899208981,-120.704737165723
17.4945,33.0112439047647,-104.12887355625
17.495,126.295961394265,-101.065536625781
17.4955,227.998270257117,-117.785153798692
17.496,306.645665832359,-148.070542492918
17.4965,346.980460362498,-166.447910491269
17.497,354.415853407759,-151.29896842728
17.4975,348.792808758803,-109.826200710821
17.498,346.843657562634,-67.8144709751365
17.4985,338.982626103507,-40.5312936941135
17.499,291.496876793761,-27.3825464146928
17.4995,189.432770489641,-28.2383668737224
17.5,75.2405476029139,-43.6830284421905
17.5005,21.8690676252067,-56.3534840085894
17.501,55.0213954011599,-31.9760627096343
17.5015,119.032875689785,47.9409400274333
17.502,142.394572714556,161.616834152376
17.5025,129.42021598044,263.798281368427
17.503,155.84262688943,323.710507483786
17.5035,265.651989478724,342.750789361417
17.504,404.735292483721,342.025776572249
17.5045,482.496933786415,342.200221998553
17.505,475.752468549237,354.309154328687
17.5055,435.137040062879,378.962690020756
17.506,403.337779858257,405.428332038674
17.5065,375.688933191741,413.964273900949
17.507,343.61602056252,389.817927749541
17.5075,320.51715411493,340.429505865727
17.508,295.767234001471,292.147738995559
17.5085,209.143606750666,263.092377842767
17.509,20.4564167077211,245.263877748615
17.5095,-216.353603801804,221.097636493916
17.51,-397.413844606223,188.191718462631
17.5105,-482.783766295634,153.147391616881
17.511,-525.289382380987,109.967565931418
17.5115,-584.879343694844,47.8727949287185
17.512,-655.181802141155,-21.6662534901578
17.5125,-688.058425362556,-72.7964187270954
17.513,-657.833824493403,-104.058896553866
17.5135,-580.221724920408,-139.315411327136
17.514,-488.569717652912,-179.361881442085
17.5145,-412.164035058236,-186.447586609979
17.515,-366.155019112117,-140.633482390643
17.5155,-344.48219269659,-83.0832561807391
17.516,-324.763819329071,-71.194038332827
17.5165,-287.579171083532,-110.268177409005
17.517,-228.297290873628,-162.777525146294
17.5175,-151.193867291325,-208.624841746556
17.518,-63.0952425810468,-258.371453189363
17.5185,25.9268146746799,-317.974413455965
17.519,107.826297409533,-382.181012492744
17.5195,183.576071694677,-459.455498605955
17.52,251.636307760118,-561.326104517531
17.5205,291.610179393562,-664.107703887865
17.521,281.141144518948,-722.737010934969
17.5215,233.725104035594,-730.863335463844
17.522,196.205170589199,-726.731122803376
17.5225,197.08783052274,-727.514967047195
17.523,217.716102050423,-700.658894477059
17.5235,227.851957749133,-621.291463244322
17.524,227.629331886528,-517.20917904779
17.5245,233.717659539192,-425.903891716258
17.525,242.680435902269,-339.706730183326
17.5255,235.901056173612,-229.435145459713
17.526,212.572450284556,-98.0870225906377
17.5265,192.107164943451,26.6213449911643
17.527,186.523688712557,136.577935680296
17.5275,192.127095703834,243.667588160735
17.528,205.892728427708,347.218165958287
17.5285,226.749593530106,436.459071527815
17.529,238.900813791344,518.942142565856
17.5295,216.773074458686,612.554990929487
17.53,154.658346303944,711.141695079979
17.5305,75.8126148183503,788.828478731787
17.531,6.43366832811044,837.770185781243
17.5315,-44.7487721399409,870.462984695951
17.532,-77.4893014899811,881.818602841651
17.5325,-90.625080295269,840.680259212889
17.533,-93.0779448096506,729.372022145949
17.5335,-107.78170448103,566.7620077606
17.534,-147.077054959634,382.063626299953
17.5345,-191.2826762107,190.419478990741
17.535,-207.306817548238,9.19495237038559
17.5355,-187.395092309069,-123.871601750842
17.536,-158.612935513161,-173.827603532015
17.5365,-153.560988595266,-146.075900215632
17.537,-179.385075917907,-87.0729634327564
17.5375,-216.728372795701,-47.4624492161763
17.538,-243.420180292729,-47.0852523475738
17.5385,-255.446696779066,-68.0227959521176
17.539,-263.929155713498,-74.5482532560628
17.5395,-272.683406213339,-44.131279760464
17.54,-265.818415689644,15.3144207117413
17.5405,-226.641207487706,78.4305067617864
17.541,-166.395577046428,129.058517254267
17.5415,-120.744077426831,166.920651439766
17.542,-113.418713044953,190.671852434245
17.5425,-134.88958830749,187.160437691629
17.543,-162.22296921721,143.081367508188
17.5435,-185.229246519228,61.2395252273775
17.544,-200.87013959665,-38.348303040967
17.5445,-195.257523807844,-130.871196979785
17.545,-151.622286536107,-202.357042167364
17.5455,-72.4473433494794,-259.379990589899
17.546,24.677902767983,-322.022277048233
17.5465,132.49391760578,-401.197325998359
17.547,256.594881057862,-484.97953477725
17.5475,389.938858602889,-551.87319151257
17.548,505.304249004042,-590.122106373032
17.5485,583.640061635073,-594.454039089183
17.549,634.906212122035,-553.593963167005
17.5495,678.929276511934,-460.722274427026
17.55,718.375729047823,-336.887107267751
17.5505,743.286112185765,-226.55686302455
17.551,747.813686831168,-161.939354679691
17.5515,722.610292940817,-137.721691417377
17.552,641.732517569057,-121.074243866097
17.5525,486.035343572856,-80.0263053717395
17.553,282.185065051743,-7.15865657588713
17.5535,92.5659619424491,73.3278215041668
17.554,-44.5818903564567,126.791802619742
17.5545,-145.499852124128,148.697552946232
17.555,-239.774019833757,176.292706350375
17.5555,-320.493284261743,242.827629433909
17.556,-358.431258326748,329.372235741231
17.5565,-353.448083723666,387.090106866011
17.557,-342.905460844188,401.369281312337
17.5575,-356.410697707536,401.307798172608
17.558,-383.743663824075,404.135282202421
17.5585,-395.115239237274,388.910439690128
17.559,-377.490928534907,340.538695486109
17.5595,-341.725526232247,283.621943997025
17.56,-305.300897253905,244.602839018109
17.5605,-278.562891705737,206.279341131773
17.561,-262.334017419389,133.623528488525
17.5615,-251.47152346234,30.3221306222165
17.562,-243.145199280654,-63.7699397776456
17.5625,-243.313915015484,-126.169260693412
17.563,-259.424652598174,-172.386508511752
17.5635,-286.500492358456,-220.954945482693
17.564,-309.856746182965,-263.087819155886
17.5645,-323.437422899428,-276.2264151502
17.565,-333.978234654049,-253.705014714802
17.5655,-343.106520926193,-213.860601637182
17.566,-338.99039835225,-185.259674196208
17.5665,-314.124554114389,-181.143630083051
17.567,-278.605686563648,-181.796334679429
17.5675,-243.678243360932,-149.101232967451
17.568,-202.450397699785,-70.3220446850767
17.5685,-141.681746872684,18.3495513879013
17.569,-66.2072313600872,65.1275708903526
17.5695,3.69381389133567,54.8977740524639
17.57,57.0548678371391,15.6415901307601
17.5705,102.180153048129,-19.6061374732554
17.571,154.068691750446,-38.3286690408045
17.5715,222.800120266814,-39.9393254250529
17.572,311.026019855137,-25.3623407338627
17.5725,409.853123757509,-2.46386915502724
17.573,497.304461752165,14.6365170225081
17.5735,552.054452540704,21.5600511324502
17.574,570.228241877482,29.3991916887595
17.5745,562.243327281352,47.2046125779179
17.575,537.010824786205,65.9766121740108
17.5755,499.185737941024,66.2678368558799
17.576,458.444552442366,37.452041154514
17.5765,428.85969692033,-13.3179122484701
17.577,417.048490431132,-66.2558579937389
17.5775,415.724890655837,-100.362110265716
17.578,405.268634223342,-104.02374900024
17.5785,359.749711165981,-78.0192436516802
17.579,266.877382436799,-29.7153923880372
17.5795,154.14643075405,31.7393598266084
17.58,78.022788403101,93.4693813705296
17.5805,65.0915929420419,140.110029089495
17.581,75.8476374982633,163.778444610949
17.5815,51.453367061325,168.761699851158
17.582,-15.3389992085666,162.901270929021
17.5825,-86.5881704492782,152.066609183291
17.583,-145.746732629888,146.394330265807
17.5835,-215.286231710437,157.44517285222
17.584,-304.669992155889,178.213202462164
17.5845,-383.855067997483,179.931622344258
17.585,-424.014680952314,145.015263846281
17.5855,-429.1534770857,91.8368547881622
17.586,-410.73602016722,48.0177530387171
17.5865,-367.333998459145,10.1348867662794
17.587,-312.372581899865,-45.1986639301929
17.5875,-286.190279100688,-115.755407474397
17.588,-306.392288040019,-166.944215050723
17.5885,-330.636456706155,-173.067983750476
17.589,-303.610034813246,-142.055577446317
17.5895,-225.338705743975,-95.6908605753804
17.59,-142.636833236593,-47.7083386614137
17.5905,-86.898936739324,-6.33910750135029
17.591,-50.4409936213777,23.7334863117959
17.5915,-14.6679322636663,49.2925642572347
17.592,24.8620146883593,78.9020212352132
17.5925,54.0677079769271,100.261612351841
17.593,42.8958302815916,89.5038156589712
17.5935,-31.1972929193569,49.4655898333627
17.594,-141.61488606146,13.4109161757482
17.5945,-217.765925541593,-0.218953724365318
17.595,-221.706726541371,-11.2083524337009
17.5955,-197.879264781163,-41.1665647332241
17.596,-211.232620741386,-79.6113889322748
17.5965,-257.219665082811,-106.786299131541
17.597,-277.052469060985,-127.402285764235
17.5975,-246.085895808131,-156.737172884437
17.598,-195.448891005364,-190.957238238739
17.5985,-151.319672005076,-217.135792679619
17.599,-105.495570823227,-237.647782777921
17.5995,-51.12328026362,-256.816484037415
17.6,1.68112542822325,-255.57005544988
17.6005,58.5314361332872,-210.366951703825
17.601,147.190289371121,-131.875408701387
17.6015,276.162985176852,-56.2024040496391
17.602,419.827538777,-0.606163889261416
17.6025,553.186156035651,44.6643164897382
17.603,667.739735228549,83.0618568410563
17.6035,750.08034168132,101.360975297507
17.604,787.180370347699,96.9707581892606
17.6045,799.767836422024,87.3111158601691
17.605,823.464561303864,83.2903396975932
17.6055,845.061840014721,77.3084484853497
17.606,808.436751463007,66.3688072079791
17.6065,701.830178745986,64.0265321942899
17.607,583.780383625683,78.6675612202496
17.6075,492.401466306049,100.86439691269
17.608,383.253932192954,122.535417069504
17.6085,200.58759050271,146.19953639061
17.609,-34.5597392007758,162.824844775141
17.6095,-255.733743210038,146.127008984968
17.61,-432.668523196601,89.9632096253905
17.6105,-570.144744797153,29.9409376214532
17.611,-659.949585972961,1.09054662162374
17.6115,-695.938128258974,-10.0608533417408
17.612,-716.276431180767,-39.7759717414949
17.6125,-765.463410244672,-82.201198622071
17.613,-818.12765575561,-86.3954624326978
17.6135,-798.479113139012,-23.814868573201
17.614,-681.171707404059,71.5911666977827
17.6145,-524.263242613727,144.628743492711
17.615,-393.892249158103,177.870466502965
17.6155,-300.756613672119,192.230139099988
17.616,-224.144822408494,205.302845143455
17.6165,-158.772868883352,211.684933176896
17.617,-115.661470281281,200.057371601975
17.6175,-99.8957316806533,170.780617888846
17.618,-103.855375817166,132.997069195308
17.6185,-110.166939099101,94.8381281533159
17.619,-99.0857684235576,59.8459538999838
17.6195,-68.2125322075258,26.5716988537482
17.62,-40.5460793729943,-10.9031925380223
17.6205,-33.4263059700752,-58.3296633874998
17.621,-27.8461393591447,-115.520182195943
17.6215,5.79972663379877,-175.109800787
17.622,60.6002573130675,-223.305806615637
17.6225,103.712591141505,-241.284757826887
17.623,127.481809765495,-216.665743820069
17.6235,153.262062463391,-163.722089633806
17.624,186.648739343661,-123.764744883945
17.6245,209.704833920704,-128.067401698581
17.625,221.713101724756,-160.652155260153
17.6255,244.916977880206,-174.426327160476
17.626,278.115866750328,-147.077470769215
17.6265,286.386291790485,-103.54894098476
17.627,256.360115682995,-77.6729200161666
17.6275,224.225078376285,-73.1519730841141
17.628,223.849582081618,-76.7304555890281
17.6285,239.048866858041,-88.3988124669831
17.629,235.867891628539,-112.027406721296
17.6295,215.608448895609,-127.638107015431
17.63,203.098288475233,-104.79425044379
17.6305,199.702765386975,-45.8178049211573
17.631,180.429511646082,9.10584498514551
17.6315,131.046358787696,24.8018067439908
17.632,64.7408979821041,-1.49602292010467
17.6325,7.28681743267071,-57.0976175626227
17.633,-17.8639848267092,-130.589117531707
17.6335,0.281664827522907,-201.474741512893
17.634,46.8805332450846,-239.764629009649
17.6345,86.7484236142601,-234.422358277099
17.635,100.488128166218,-203.947443680216
17.6355,106.783260973812,-163.138612048191
17.636,132.097304397129,-100.102790238998
17.6365,168.057657808665,-5.73790349158424
17.637,180.242070026039,96.4518228415717
17.6375,155.2452694296,178.725201872431
17.638,117.934018238815,250.426286614391
17.6385,98.7679631635269,336.196346311846
17.639,98.2824363301025,421.756998456704
17.6395,88.6083476383305,460.055367764703
17.64,42.3445961320231,433.951460436284
17.6405,-41.9610888329854,377.382960279414
17.641,-137.110463206327,325.290426384042
17.6415,-208.162619660609,275.77160763313
17.642,-238.377382937147,217.58092451166
17.6425,-235.630664353306,164.569049694945
17.643,-217.995941077583,137.041685645772
17.6435,-201.019793973339,127.367059521145
17.644,-196.774136102515,109.792464199115
17.6445,-211.909658221288,75.1642959509489
17.645,-241.588356046698,35.8099619566985
17.6455,-273.589730322427,4.10699296441758
17.646,-300.736552512879,-14.474775456231
17.6465,-321.658405824383,-13.7152181850512
17.647,-331.795587583371,6.70868551688925
17.6475,-326.74410089872,27.4626412178247
17.648,-312.822070511377,20.6570200556678
17.6485,-298.568833256482,-21.216177814747
17.649,-277.747351513605,-78.6391669529775
17.6495,-240.364035719795,-128.596383063148
17.65,-198.348495943285,-164.552674412752
17.6505,-173.540603748648,-192.935630367173
17.651,-157.381277083893,-220.934440273653
17.6515,-114.542031674246,-249.820747975222
17.652,-38.2704792231259,-270.956169725435
17.6525,29.6156222787696,-266.547853137278
17.653,52.9902206808906,-223.854179069116
17.6535,47.5533537661379,-152.618779737755
17.654,50.1117032808107,-81.9421046818959
17.6545,67.7700604815205,-36.706020054383
17.655,84.6913136807554,-20.8727184097
17.6555,96.8622503451761,-22.2435605447527
17.656,109.279296860933,-24.7509060188292
17.6565,115.225070180855,-15.2571833023843
17.657,108.532059431923,10.8348215433655
17.6575,102.981627566686,44.5564370036962
17.658,111.914285696075,70.3860979976901
17.6585,124.19691653793,83.2650543668843
17.659,129.658402230184,92.8992827113687
17.6595,149.011543765832,107.046710651554
17.66,200.093160438519,118.429709987347
17.6605,249.359606045331,115.983255270293
17.661,242.318649457608,102.657001135055
17.6615,176.614505664431,91.0856197813737
17.662,100.626606647214,84.1911537803306
17.6625,42.9977866169296,72.3910014397846
17.663,-7.05048399003893,52.4497945831355
17.6635,-47.1317114603435,38.0998627308047
17.664,-47.4099022745427,44.5581387290283
17.6645,-8.85604965409588,67.6690434915
17.665,16.6491080726651,84.4706458557061
17.6655,-2.84258973903782,71.5180776931191
17.666,-29.9423111475759,19.3724173995492
17.6665,-15.8986511516015,-64.742685873422
17.667,29.6535796956082,-160.743496722923
17.6675,73.8130734434141,-245.018184428435
17.668,137.236828023706,-304.249070697847
17.6685,275.248393684194,-340.437272449043
17.669,482.47456513693,-358.505780539732
17.6695,667.359933364509,-354.066824847242
17.67,739.364785561595,-322.280672780369
17.6705,691.153313658642,-273.627330191883
17.671,580.454232717006,-225.793276647073
17.6715,459.526791616932,-179.585369250036
17.672,346.060467852095,-119.533555002262
17.6725,244.965073010963,-42.8452894685933
17.673,164.449275971849,30.7590082818596
17.6735,101.307172835496,87.9870645379289
17.674,28.6383903937148,140.821472340493
17.6745,-81.1094648766566,198.060357050983
17.675,-217.625840251824,236.032364783189
17.6755,-331.304391612213,227.448424601338
17.676,-382.937533186664,192.294887937214
17.6765,-387.887537942079,185.008066881777
17.677,-394.192807225802,223.499709053643
17.6775,-419.576506357399,261.86634869837
17.678,-432.715998365513,251.444603853871
17.6785,-403.198239121451,205.329302420486
17.679,-346.314613883209,177.28401857815
17.6795,-301.635598717546,190.065985125785
17.68,-284.998311566071,212.315886531126
17.6805,-283.356022930642,204.671700765457
17.681,-285.122352343518,164.552611957281
17.6815,-289.942766792851,117.641880788184
17.682,-291.536368450564,80.7593134831018
17.6825,-275.442084870742,45.3065022787633
17.683,-239.499302768122,-6.42465170950555
17.6835,-200.551683920217,-76.0422002445346
17.684,-176.027327264461,-143.233609016475
17.6845,-171.194089248146,-186.721581365499
17.685,-185.949617425857,-208.164039314994
17.6855,-217.735612888201,-225.640993677953
17.686,-251.146698039926,-241.401580927796
17.6865,-259.947371739066,-231.965957084613
17.687,-232.429355182354,-183.778056533419
17.6875,-187.75361748197,-125.570115908883
17.688,-155.596779493062,-101.351491313501
17.6885,-141.871257207298,-112.597522205047
17.689,-123.138077826024,-111.333280979546
17.6895,-74.2651331756407,-58.3100349383783
17.69,5.74281900803611,31.8620771624689
17.6905,96.4353197379494,115.572037557855
17.691,176.886473922935,172.189157554839
17.6915,237.871952206249,211.759933182727
17.692,276.336897925496,241.225122457714
17.6925,287.971606193834,247.609831607876
17.693,272.096903266309,218.957194567848
17.6935,239.347809178996,165.841845182812
17.694,204.566007478773,113.930682044846
17.6945,171.155422570561,82.865169332625
17.695,131.980766584214,76.3368033424434
17.6955,89.5848422207318,83.9063336602395
17.696,65.0291978631239,86.0213463099529
17.6965,76.4024524521944,64.0510599276498
17.697,113.772163562577,13.9457192635249
17.6975,147.440399983952,-51.6295524857931
17.698,161.367800194127,-118.490976669305
17.6985,168.169134572886,-183.150922080785
17.699,187.352092537062,-243.868500741112
17.6995,217.611575794036,-286.456027231794
17.7,239.815422818532,-292.515316201594
17.7005,245.405599093761,-262.669592776813
17.701,251.670393882375,-219.181267129576
17.7015,281.576152429799,-180.469766587782
17.702,330.646701465908,-143.824275981485
17.7025,362.015964674972,-101.048392769937
17.703,339.24393149623,-60.5811782855766
17.7035,262.233091796326,-40.4803211825793
17.704,168.665663073981,-44.0265221006093
17.7045,102.022674982804,-55.6969829414361
17.705,77.5549873813941,-59.5132229659809
17.7055,72.6266507449343,-48.1470019591851
17.706,47.8819342013922,-15.1852431025074
17.7065,-13.8001096890979,44.2825475524239
17.707,-85.3156929041039,120.126105132762
17.7075,-123.266296487154,189.38118953806
17.708,-123.871932236336,239.670387964126
17.7085,-133.313898637478,276.112283755629
17.709,-186.393114977069,295.770373700081
17.7095,-253.768520970618,273.468791180057
17.71,-279.16279338941,193.70327590009
17.7105,-257.071678683088,87.396087827206
17.711,-234.96821393267,13.1955651182175
17.7115,-238.817733368935,1.02665329675709
17.712,-239.752269774492,31.097525707143
17.7125,-208.020114270016,68.3430415235219
17.713,-158.040944304296,96.9127663198695
17.7135,-114.385492669705,114.836094387724
17.714,-70.1321151545068,116.129496159022
17.7145,-15.4409080961375,95.9136048938155
17.715,20.8270729604002,64.5959577373363
17.7155,2.72017920173473,40.5988946356406
17.716,-54.1229360832915,28.614026483594
17.7165,-98.8536403656588,14.1387853237773
17.717,-114.062805246188,-18.7012622079241
17.7175,-126.154540208273,-68.4904882788187
17.718,-148.417755205087,-117.321803763484
17.7185,-157.887608456468,-149.156621584428
17.719,-138.831165325246,-166.025107506438
17.7195,-110.12767805082,-182.824822151264
17.72,-91.9296620640853,-205.527606288694
17.7205,-76.6052509881642,-222.874448388113
17.721,-52.6853121089958,-226.665404245858
17.7215,-30.9073413478527,-230.308469594891
17.722,-23.2712280620509,-251.18718295809
17.7225,-16.5376775368568,-279.246967249009
17.723,9.03769278769955,-283.696162457369
17.7235,47.9918909706209,-253.161516530856
17.724,78.9982691469029,-208.27863770023
17.7245,96.6186105736876,-167.910927081959
17.725,112.676372895739,-125.700311741387
17.7255,130.638153582276,-74.0782306283266
17.726,137.596778097744,-29.9885938565625
17.7265,122.740814750838,-13.9170139233432
17.727,91.139185241847,-16.7853768058861
17.7275,56.6771241097388,-12.5290748128621
17.728,27.8550927269215,3.86998582388374
17.7285,2.19018841827123,16.3640541137014
17.729,-26.1653809455025,22.9856537613177
17.7295,-51.7806455917988,43.7738128462508
17.73,-55.5625906786789,88.0437613967601
17.7305,-26.0360491242002,137.551228658698
17.731,21.9299785130274,174.114856009512
17.7315,65.1464160747689,206.465915067946
17.732,105.117558318183,255.169539356931
17.7325,159.915733820459,321.943716357985
17.733,221.727943988466,387.886298393806
17.7335,253.270123309568,435.738313111882
17.734,240.022745514905,461.279840683895
17.7345,215.499016086763,465.281184614653
17.735,209.826107487877,445.705510976543
17.7355,199.402781704858,401.529042188005
17.736,143.084107617093,340.010337028185
17.7365,51.9273237356858,276.068288915885
17.737,-19.7221661417107,221.410666550078
17.7375,-50.4147838935295,173.112104080404
17.738,-76.4190232640097,117.564328268762
17.7385,-129.712487131694,50.2740504973642
17.739,-189.509378925357,-14.395760530517
17.7395,-218.965141867727,-62.4376226466943
17.74,-220.950380647227,-103.292889332279
17.7405,-223.39155239679,-158.360858194618
17.741,-223.393532470371,-227.070797918819
17.7415,-184.921826362265,-282.307795107491
17.742,-98.5410382080341,-305.311738351274
17.7425,-13.0768500594561,-308.170337690341
17.743,13.046130100257,-310.719095263857
17.7435,-20.9994031600609,-309.289870466008
17.744,-59.6562042035382,-283.833340684
17.7445,-54.614151289484,-227.730171341014
17.745,-8.44326913395884,-155.210780973042
17.7455,45.2815939658753,-84.3080459272673
17.746,83.4291493130172,-27.896682704079
17.7465,104.287004172303,0.808129852213598
17.747,115.240573949361,-8.83593939397688
17.7475,126.538050184262,-51.2567206047687
17.748,143.657507507292,-104.888422554277
17.7485,145.834554144897,-151.727628787127
17.749,87.1376897382288,-189.948925301231
17.7495,-48.6576472861875,-224.09672969104
17.75,-199.612483871673,-251.135274333496
17.7505,-271.395146401704,-262.437916898422
17.751,-240.184307443693,-254.49084108549
17.7515,-173.290186055704,-231.314171261272
17.752,-133.589236417065,-198.823712027425
17.7525,-106.578263867382,-161.98703095393
17.753,-52.8508760329644,-125.864146619183
17.7535,8.57853373347061,-93.9302340354315
17.754,23.4958874425874,-64.6570953494889
17.7545,-8.91587698889106,-33.6397594287202
17.755,-27.4106908731268,-0.31442499448781
17.7555,8.77657869668604,30.9279778971159
17.756,75.2670700319316,58.7416965020961
17.7565,129.606932314909,91.4007334333457
17.757,161.053516227327,141.716432001786
17.7575,176.748738511609,215.234363138696
17.758,173.522683629585,304.140753952339
17.7585,146.807681576809,389.671127254486
17.759,105.720029595405,447.892404468932
17.7595,62.0996140762045,459.415457552444
17.76,21.9218034302567,423.79532470795
17.7605,-4.87399186112502,363.54015649375
17.761,-12.0605463601706,302.358376505287
17.7615,-24.1506402030122,237.589324795765
17.762,-81.9623624216135,148.195824656612
17.7625,-180.286651367787,35.9254289196477
17.763,-250.940710672883,-59.1748224146189
17.7635,-237.000157201982,-100.416693801328
17.764,-160.311932551994,-99.3078594596731
17.7645,-85.0359177947128,-98.0858122061592
17.765,-36.1499136101394,-114.891689121553
17.7655,9.21262639502204,-130.621140389143
17.766,64.8903985950923,-128.230830631867
17.7665,112.777935862949,-116.129641976261
17.767,136.08401966413,-103.338795738247
17.7675,141.080802706276,-77.6738780579842
17.768,141.257256596453,-28.1010960918684
17.7685,145.236023308209,27.3211701185355
17.769,161.0455443345,57.6610846449696
17.7695,187.187073334177,57.4914684430943
17.77,199.452358418432,52.3228354344278
17.7705,172.648841001539,67.3283930520498
17.771,116.41052766053,101.997163810971
17.7715,63.6210405212898,134.189426774662
17.772,24.0149581660125,140.180457610941
17.7725,-19.0427049067688,111.215230471445
17.773,-61.5424179125654,56.1897595850582
17.7735,-65.3697439450848,-11.0330424556822
17.774,-9.3533668175781,-84.6176431801386
17.7745,73.8692688553408,-160.997604325061
17.775,132.676251972261,-225.669283493291
17.7755,149.025041854403,-263.017243441289
17.776,139.773893100219,-280.579615173373
17.7765,125.12035100108,-302.204329544295
17.777,114.792354348205,-329.2879907206
17.7775,110.434734539625,-331.582061934217
17.778,103.328030429529,-290.085253397721
17.7785,80.2644220806659,-225.400031060035
17.779,43.1360765844667,-163.136794294625
17.7795,6.77306885392486,-94.6536714065112
17.78,-34.036530574014,-1.92221608678233
17.7805,-111.250537433241,96.7737791913336
17.781,-234.177462647326,163.827242350903
17.7815,-352.87342523223,197.752676594562
17.782,-401.846034737997,233.096000735728
17.7825,-372.510269669336,282.943347165208
17.783,-315.418318874511,317.298969170996
17.7835,-276.238621998451,307.441977532149
17.784,-257.165017369803,260.699285382932
17.7845,-240.093201502627,199.471596892161
17.785,-218.023141658804,133.935705333412
17.7855,-193.685874327189,70.4274850601459
17.786,-167.380263079026,22.6370255079478
17.7865,-138.70339173562,-2.42424442513954
17.787,-111.181107300285,-11.561777940395
17.7875,-89.3457259060631,-7.21377213143773
17.788,-76.7146640118868,16.257479113554
17.7885,-74.7157688131717,45.842523144994
17.789,-75.2453325720008,45.4182564564509
17.7895,-60.1893369578398,-1.16184476836398
17.79,-22.109706707389,-62.9056707020249
17.7905,19.0854256602585,-99.899364795211
17.791,36.2182288050972,-111.610126269704
17.7915,28.9946957679819,-124.512023377747
17.792,21.4677378875053,-147.961581755881
17.7925,27.3757605225695,-168.753023818357
17.793,36.4752840708837,-177.996798391037
17.7935,36.1028420453114,-176.385149332523
17.794,28.2652471520556,-159.690106292724
17.7945,22.6056929785532,-124.32169378043
17.795,27.9702369625711,-82.7630602989869
17.7955,51.3281198405899,-50.0942494688814
17.796,88.1085100287511,-19.329397733842
17.7965,115.089741950694,26.598022880108
17.797,114.447482721273,82.0236546522712
17.7975,105.099067367827,122.234826688535
17.798,124.282635874898,138.463137757129
17.7985,173.837374818373,144.58761777264
17.799,214.607566988776,148.289324904854
17.7995,225.248632358246,140.320193009695
17.8,234.51531205266,116.338864695233
17.8005,273.151836524909,86.6605341668175
17.801,321.49942976041,59.061598107361
17.8015,337.411617352556,32.1460329719967
17.802,321.106766642067,9.61372601424879
17.8025,318.19049622578,0.62729956527444
17.803,360.071937544389,3.28965775402345
17.8035,427.004782188299,9.87172394622685
17.804,472.324878260555,29.4239314575045
17.8045,465.540225259529,76.4512292525703
17.805,411.709699756306,131.533493590033
17.8055,343.648641015607,146.92328190755
17.806,293.192450499051,106.861463790432
17.8065,256.094229703317,51.8357700262337
17.807,190.004721514787,23.0422622553638
17.8075,63.5057389770772,12.7477741486592
17.808,-98.0745089346822,-4.02802487960651
17.8085,-235.121907325106,-17.990767552488
17.809,-318.475591276945,-3.88195053433499
17.8095,-369.574796764168,27.8865574876428
17.81,-416.396751479448,40.2264565603025
17.8105,-455.75406798462,24.9299293835437
17.811,-469.348009887326,10.8053066027516
17.8115,-456.03689802254,13.8309728067069
17.812,-432.255973961795,13.2911013846174
17.8125,-412.147943589006,-14.1455663418435
17.813,-400.55855935119,-64.5747599116522
17.8135,-397.737760475179,-120.933493389921
17.814,-399.530939805977,-173.294537161621
17.8145,-397.799940532529,-215.57923901894
17.815,-388.889900325049,-244.185907930615
17.8155,-377.375770066388,-270.34971277854
17.816,-366.028089386697,-312.368010050197
17.8165,-348.86653887191,-362.606025401475
17.817,-321.218107604397,-382.281110253136
17.8175,-290.103043251809,-345.468657144344
17.818,-265.260804509335,-272.462422058842
17.8185,-243.258978100243,-202.421154273583
17.819,-209.857499528608,-146.221011887269
17.8195,-158.048475344837,-84.9539883689197
17.82,-96.1202169143718,-5.36050449803171
17.8205,-35.5960019089495,83.0025788879629
17.821,23.0159886115831,161.555563097375
17.8215,87.1488381229075,216.603523954172
17.822,156.452629024206,241.120935510627
17.8225,216.952223900966,236.942036022275
17.823,255.387469152625,215.251020123518
17.8235,274.571058272427,184.525427102424
17.824,285.366312506635,140.294431420839
17.8245,285.529811952942,77.8351233927101
17.825,261.710976245557,12.0744318720789
17.8255,218.445688323971,-29.0577047893888
17.826,188.597612780525,-33.0127348705404
17.8265,198.957512631814,-13.9844583629337
17.827,235.624677384439,5.98872604483955
17.8275,262.57935064293,18.3914125108804
17.828,268.396238839485,29.0693863589764
17.8285,272.2184607068,46.4545059862295
17.829,284.603983916804,72.5104427193839
17.8295,287.934560440528,100.192419470044
17.83,263.700437076293,118.113234935704
17.8305,217.899991566238,121.137146040728
17.831,167.410158003012,115.143415811582
17.8315,119.247929403085,107.992607523514
17.832,78.4632605113777,101.267225813645
17.8325,61.781511349141,98.0666048140408
17.833,84.0558680152523,111.05139824089
17.8335,137.160898799669,148.062020624948
17.834,196.802776203144,193.004757059356
17.8345,245.681102439801,218.534551117487
17.835,278.667188616748,219.137993831549
17.8355,292.177061600988,213.172809975353
17.836,283.398032667517,207.016683830474
17.8365,258.429425122443,178.375743568583
17.837,230.023154313999,108.993064199858
17.8375,207.154252046481,16.5069804124564
17.838,190.704034423405,-66.0124244019064
17.8385,170.947652601641,-130.850228642036
17.839,121.897668323148,-193.207742691551
17.8395,12.3862243462174,-253.445391330212
17.84,-157.999014922684,-287.279743213744
17.8405,-339.634263658269,-278.346657923412
17.841,-469.378610739645,-240.184629979317
17.8415,-527.701566516048,-197.079260062718
17.842,-545.792824022138,-158.807342096853
17.8425,-558.590295862261,-123.98521608439
17.843,-569.064089243243,-93.5987624986036
17.8435,-560.392622753307,-66.8137635485584
17.844,-523.730657847821,-32.2450252834212
17.8445,-465.497098518175,22.0350116709568
17.845,-400.491884660745,93.4050902050977
17.8455,-344.731139986834,170.064833829617
17.846,-303.164071767993,246.490341199166
17.8465,-258.647534929406,321.499097295295
17.847,-186.210841360505,384.65163787189
17.8475,-86.0058084497248,419.588796388955
17.848,10.2908687598304,423.535234101989
17.8485,74.6204042420676,411.91087046987
17.849,111.611200584536,398.197632581603
17.8495,141.763642726761,376.146068428295
17.85,168.3710020883,326.141486106971
17.8505,177.515977453761,234.469561162976
17.851,163.610989261227,104.069189272736
17.8515,136.838575780368,-48.4900284990175
17.852,106.112591748429,-203.522488496438
17.8525,70.5335780274785,-348.819047439644
17.853,31.2492067986673,-481.571479497074
17.8535,-0.520277290935432,-598.890506675026
17.854,-13.7533347331915,-690.059700372359
17.8545,-9.21052443473349,-743.906419712062
17.855,4.26544528879999,-761.215735877591
17.8555,20.7381317072778,-752.592446402732
17.856,40.1294290144902,-726.301434848161
17.8565,62.1227737381346,-686.625705212855
17.857,80.8449434459809,-641.00658489088
17.8575,87.8573145397753,-596.101693831214
17.858,82.0094772018005,-546.634004598286
17.8585,75.3750696276546,-481.440523060609
17.859,85.4393761275016,-401.772828766482
17.8595,120.405698469648,-318.020994652274
17.86,175.367588823301,-225.397479258092
17.8605,240.322994718642,-103.662249252552
17.861,301.66277602437,47.2061455310926
17.8615,335.137136333989,189.669026237456
17.862,315.235593935066,285.709222371225
17.8625,245.750922660651,339.807098353635
17.863,169.831939184174,386.271216196097
17.8635,130.322970051077,443.014693830319
17.864,123.631991757675,498.983186345866
17.8645,111.642278089905,542.055504486893
17.865,77.9764305966766,576.270487061576
17.8655,48.4023655313293,609.877021172892
17.866,45.8560730855041,644.989954808698
17.8665,46.4854908488698,680.789099696512
17.867,1.97169354825326,709.321364849168
17.8675,-99.7307235619647,707.281646770288
17.868,-212.57644622407,652.973253903523
17.8685,-273.983953243407,557.020662970085
17.869,-262.253301222752,456.404767089917
17.8695,-214.219896181353,369.983545246865
17.87,-189.767930806536,279.416481326843
17.8705,-214.178743466269,165.136808023839
17.871,-251.775027459511,41.5912002290154
17.8715,-244.034453414828,-60.0940760595049
17.872,-178.004389975626,-129.576700025461
17.8725,-103.706305597304,-178.179408737715
17.873,-72.4700637133572,-212.388525886436
17.8735,-73.3001541617147,-226.838158016509
17.874,-53.3545177881636,-220.109461035037
17.8745,6.40610514895043,-200.441084879364
17.875,66.6678905856006,-175.980692672095
17.8755,85.8915103561581,-151.429330087043
17.876,71.3824036433778,-132.430135499744
17.8765,57.5725569119034,-122.192126838648
17.877,56.1782837906786,-116.29028716578
17.8775,52.0572696949188,-110.927168492617
17.878,35.3568414031064,-111.839528874657
17.8785,12.1722736025685,-123.347654163772
17.879,-11.4421446908305,-133.798660923642
17.8795,-32.9184730512976,-126.64993966305
17.88,-42.8140155354165,-103.467924769029
17.8805,-33.5428191565888,-81.2083555094787
17.881,-19.2442706020005,-68.5492897868155
17.8815,-24.8697763798106,-61.0759955339262
17.882,-52.1956981331668,-59.6671943140167
17.8825,-78.3320296584682,-74.935602753458
17.883,-92.0028045192006,-107.719838392847
17.8835,-106.414502390256,-140.418137184673
17.884,-127.859292773252,-155.557813329393
17.8845,-139.214161892561,-152.385498966196
17.885,-129.967931552378,-140.324662108808
17.8855,-114.776310275405,-127.79522594613
17.886,-99.0675555921851,-122.227662751916
17.8865,-52.7848758065063,-127.617853099192
17.887,48.2202684187183,-134.730427202317
17.8875,173.448453975978,-126.523396506723
17.888,269.091140955341,-102.214488537306
17.8885,327.203693241623,-83.8647467064969
17.889,382.369531442968,-88.3386972155432
17.8895,444.645603251592,-103.379715255358
17.89,482.777786475121,-103.461380668582
17.8905,480.133577975566,-80.2314383748867
17.891,459.851254902534,-44.6094938273124
17.8915,437.515351721531,-7.2950330403462
17.892,392.812438071119,27.7289266407461
17.8925,311.715800003564,56.0185322273625
17.893,213.514832327646,74.9995872361319
17.8935,103.691458549984,91.3744411368376
17.894,-56.0823677397952,111.96648388716
17.8945,-281.110193620482,128.482004644286
17.895,-498.125928411254,125.935037542323
17.8955,-607.446919539577,106.929477610779
17.896,-599.64278857901,93.0559372934536
17.8965,-553.453800282883,98.5383391199347
17.897,-520.738655386324,114.912746464606
17.8975,-474.023354901627,126.307121933936
17.898,-379.884290325408,128.17030914511
17.8985,-264.507408281384,124.616775832807
17.899,-174.2777854069,117.728245852995
17.8995,-113.933559355076,108.264405932583
17.9,-60.9027977842447,100.211424193777
17.9005,-11.8492246810253,96.1691861891249
17.901,21.8043775398316,92.3223921010263
17.9015,45.2211758148879,85.0676159877287
17.902,72.1543470482765,79.387997866448
17.9025,96.183869490552,83.2223227448986
17.903,98.3551238335359,93.9319869245088
17.9035,75.9695038498615,96.173854786449
17.904,40.883085986399,75.4260281755446
17.9045,-1.22825078325858,32.0321232890336
17.905,-46.5054563624359,-19.1530316774584
17.9055,-77.1708692651569,-62.9991419546
17.906,-75.7237262143797,-97.1417110228073
17.9065,-50.029331010901,-128.659238875915
17.907,-21.4895259542379,-158.457861333665
17.9075,6.81865922035796,-176.301359286132
17.908,46.9195142616155,-176.677975030702
17.9085,95.0346374753025,-171.75580381003
17.909,129.395385745573,-176.421699657727
17.9095,139.970927432225,-183.792441947548
17.91,138.317709444509,-171.254299405075
17.9105,136.34219524067,-133.638888730311
17.911,135.98348154793,-94.6028611722991
17.9115,140.943591118616,-76.1296723923033
17.912,156.734202422994,-69.1708197184828
17.9125,176.383839060482,-47.0580133714287
17.913,187.817837229653,-0.0918078240526533
17.9135,198.334746798044,56.6893691470726
17.914,227.499563494071,105.969034922308
17.9145,269.446520088363,144.819122254182
17.915,288.163300071121,178.869791211159
17.9155,263.061760814354,210.427438973009
17.916,217.100918897057,233.943398881299
17.9165,184.057073787591,236.316180477464
17.917,166.263186622065,203.489581527247
17.9175,140.889023241871,136.811268629077
17.918,91.6083129415213,62.7105702800679
17.9185,17.4938780550938,13.7632234509186
17.919,-73.1584958218433,-4.90551034443497
17.9195,-158.579291806754,-20.662738689938
17.92,-208.036446397355,-57.6359967830684
17.9205,-213.58133038084,-103.191810259552
17.921,-207.002801554364,-119.689880063961
17.9215,-221.956592447908,-87.0375109420619
17.922,-247.776578179689,-24.5263925126337
17.9225,-247.034966228599,30.4515849718889
17.923,-214.226040158674,57.598246048889
17.9235,-186.927304469312,63.9417450790145
17.924,-194.00836661256,65.8167055934271
17.9245,-219.871261534913,70.3164459286113
17.925,-231.688291728425,75.4875420428146
17.9255,-221.327046592119,79.1231083526663
17.926,-206.415116330243,78.0329680968319
17.9265,-205.35334319664,61.495946231556
17.927,-224.784365590724,17.0324281982327
17.9275,-258.6885956646,-52.6800403870599
17.928,-285.281474996882,-126.232805726415
17.9285,-274.865504281802,-183.021569178619
17.929,-216.422743764005,-221.02693902008
17.9295,-131.780225079848,-249.164096420685
17.93,-52.5546729909258,-268.804825097687
17.9305,10.2244313655493,-273.737296464871
17.931,62.4986970905205,-265.389498371305
17.9315,103.071229003816,-255.0625142136
17.932,121.958960469917,-248.250414105619
17.9325,121.458190411471,-236.633053700392
17.933,122.198858576277,-209.820633349993
17.9335,144.717913498719,-167.112774033479
17.934,194.892120643385,-113.529282697806
17.9345,265.336844096396,-52.6577244697493
17.935,336.158887270659,9.98499839957892
17.9355,374.83572460863,63.6026343971079
17.936,356.464109276938,101.43089843241
17.9365,294.706453013275,130.904740720042
17.937,238.281533016368,167.279272874685
17.9375,224.26233160547,218.183594485794
17.938,243.75531525222,279.260264739423
17.9385,262.072389731798,341.411028072024
17.939,259.086919558705,394.248177253125
17.9395,235.636099484705,423.775921855831
17.94,193.997566494678,416.843457244689
17.9405,135.855900755834,372.670182606056
17.941,76.198047603792,305.381999587856
17.9415,35.5906433074091,231.902719743436
17.942,13.9020774975339,160.51937695267
17.9425,-9.88081636909323,92.6217967529693
17.943,-45.5701248600393,29.7407546446844
17.9435,-77.0273907847256,-26.2350650803438
17.944,-88.7734337091914,-76.2506780364682
17.9445,-91.4077574080862,-120.908208819078
17.945,-106.839858176376,-154.203974365041
17.9455,-139.260406548473,-166.001619264831
17.946,-175.177558483497,-153.222011705226
17.9465,-204.464133239822,-125.721816584201
17.947,-226.686589668857,-98.3724255435576
17.9475,-242.133919378198,-77.6976768457382
17.948,-252.695521878349,-56.7757887387898
17.9485,-269.938328539933,-22.3610561660559
17.949,-305.463505689103,32.0552692027837
17.9495,-348.549169300304,96.6587516916047
17.95,-366.049477333991,147.832094520554
17.9505,-333.153498989719,164.952034436254
17.951,-259.425153371813,148.781515075094
17.9515,-179.496871471162,120.516744414654
17.952,-121.320690844566,98.2670408040526
17.9525,-86.5152037551939,77.0579103371869
17.953,-58.4333218718747,38.0700804363498
17.9535,-24.8820226522964,-24.0044259866841
17.954,9.01398881258544,-90.9220478726912
17.9545,30.9246642606366,-139.378373284151
17.955,41.6225880324183,-161.630379103625
17.9555,58.5198852992083,-165.025222413958
17.956,96.2837591079516,-160.21985919016
17.9565,150.833226723832,-156.873639901495
17.957,207.99260884818,-164.152973322664
17.9575,260.645033444531,-185.804845337406
17.958,308.426276193492,-216.577665353807
17.9585,346.992944627657,-249.281670528412
17.959,370.516577183109,-280.833676101857
17.9595,382.003107317599,-304.283587669427
17.96,387.151476671209,-302.321908760057
17.9605,378.458908092272,-262.874018975925
17.961,342.01209233753,-198.970843512896
17.9615,285.012699502803,-137.392171535413
17.962,239.249562162038,-85.382080961754
17.9625,223.1068632239,-24.8289277162177
17.963,209.797552357641,53.9957876948781
17.9635,151.119972982313,129.201489115635
17.964,33.9725630431105,170.541522714409
17.9645,-99.091334612373,174.219196838126
17.965,-190.991292821334,159.319397929652
17.9655,-224.81066522832,138.091055596938
17.966,-230.899117191277,108.311125061634
17.9665,-242.950324624563,71.9984034388938
17.967,-257.396066158795,40.8740521396738
17.9675,-244.058046878081,17.5082086872603
17.968,-194.186971870093,-12.6570266126351
17.9685,-145.758719540875,-60.1515058287063
17.969,-151.280166191473,-112.411737674908
17.9695,-222.494311568281,-146.129435622683
17.97,-315.086088152228,-152.387445848543
17.9705,-369.66522307556,-140.438113643027
17.971,-362.528896914486,-121.425627911302
17.9715,-315.21300021322,-97.9803768848087
17.972,-262.143185399674,-67.4464419668488
17.9725,-217.101996485793,-26.2551427284794
17.973,-171.428872833373,28.3390597566612
17.9735,-117.757649797005,92.6927082259389
17.974,-66.6338049636296,152.667825059901
17.9745,-35.6058542304531,193.214756242032
17.975,-26.1539805623886,213.816188393157
17.9755,-19.3952419451104,226.855374782978
17.976,3.50350565536756,238.268748840593
17.9765,41.2303831760904,238.646795494462
17.977,73.136749008705,219.275051043652
17.9775,75.7734388017478,188.999970848121
17.978,41.7970252662962,165.735746137392
17.9785,-7.29349029216721,156.054352002355
17.979,-28.6705768756462,154.23857908233
17.9795,5.92981069514108,158.819879020079
17.98,77.4393784904368,175.174463639681
17.9805,138.662552875336,197.897226693107
17.981,172.907739906928,205.635335981914
17.9815,213.471798922882,185.254543412947
17.982,291.201867950776,152.081108943194
17.9825,384.034350229493,131.875712342165
17.983,442.285644823335,127.171623648324
17.9835,449.197219110791,116.985643659252
17.984,429.456407646492,89.0697522545155
17.9845,408.407371065025,54.6429405240281
17.985,392.756054223167,25.7444470389806
17.9855,384.442679440997,-4.06170241810687
17.986,378.525952008555,-42.8868551230154
17.9865,345.803443223954,-77.3818637163294
17.987,252.11811471377,-85.4126610324768
17.9875,104.837867573304,-67.6230465008223
17.988,-46.4195807358716,-48.3604817280131
17.9885,-162.221989599937,-44.5243927276548
17.989,-240.043469168136,-50.6532899525895
17.9895,-286.053890780502,-59.9772831012831
17.99,-297.214830731666,-83.5653417835764
17.9905,-284.284554293681,-135.822030032729
17.991,-275.036470846044,-209.44245879283
17.9915,-272.742827977746,-277.13765873139
17.992,-245.161474768059,-315.371205759762
17.9925,-181.174141872796,-318.511828596653
17.993,-125.872705668428,-294.065482343907
17.9935,-125.028526736746,-254.427547377687
17.994,-160.973403885587,-212.990329952076
17.9945,-182.471306990483,-179.568645926806
17.995,-178.640766824161,-156.337194138919
17.9955,-181.898926364707,-140.15103495359
17.996,-210.801085450655,-126.414690664666
17.9965,-252.806735784872,-107.262903800032
17.997,-297.103256218466,-71.4569951883958
17.9975,-341.432397970287,-14.6692933923804
17.998,-366.512911953207,51.9407286131932
17.9985,-346.408509957645,110.805876460125
17.999,-292.283464598602,153.230761596255
17.9995,-247.974642921222,177.578900065308
18,-229.560486661194,176.766553137663
18.0005,-202.58329017685,142.183500457631
18.001,-135.162825792929,81.9212913629554
18.0015,-45.0223174922123,20.9734334809787
18.002,26.043294819307,-22.6048640706802
18.0025,64.8176025903604,-50.4069415883063
18.003,97.5275913797308,-67.7788922612178
18.0035,162.564675141957,-70.5340311994899
18.004,280.941187733043,-58.8508392562554
18.0045,434.862081838616,-50.7272263247106
18.005,565.890390705421,-64.0085081302685
18.0055,615.27374247021,-92.1464360487754
18.006,580.834793328058,-115.337432794081
18.0065,519.323402386012,-130.635016158516
18.007,482.680895100591,-150.435766641812
18.0075,469.040995468017,-171.575101202179
18.008,445.576291162753,-169.385781554137
18.0085,396.711124747041,-131.139384393212
18.009,331.331980886785,-76.4661910567833
18.0095,258.881050240955,-31.7455587101948
18.01,179.059351185807,1.12922617551583
18.0105,87.7174306429956,35.8776214075838
18.011,-19.5375627002041,74.5777358695626
18.0115,-139.665604586143,108.429840741184
18.012,-248.451453366608,138.495194179234
18.0125,-309.516681424932,173.537737095183
18.013,-311.71574957841,205.742086093183
18.0135,-285.594971645318,208.613254272312
18.014,-268.836328365543,168.501554929939
18.0145,-267.099745482784,106.344441867914
18.015,-261.858829616419,58.6063293465715
18.0155,-241.691049126713,44.0899702072154
18.016,-207.755531308138,57.2216497691176
18.0165,-161.421520692102,85.7763041750412
18.017,-108.269892960308,122.211084101759
18.0175,-66.7222640716902,158.466908067452
18.018,-51.9810467365406,181.961409069261
18.0185,-55.435656996452,184.033934806841
18.019,-56.9387812915975,168.900816553946
18.0195,-51.8091869470241,148.808376507576
18.02,-48.3164713244971,130.750586204016
18.0205,-45.4678442957156,112.183840813959
18.021,-34.8522143497446,90.5763099077309
18.0215,-21.440116192731,71.4069199414363
18.022,-20.1202763795899,60.6490291369556
18.0225,-30.2426998651722,51.9717757469636
18.023,-34.3620737419222,31.0303287544849
18.0235,-26.4100746933508,-4.00270939848742
18.024,-22.2565754225754,-34.4294188314012
18.0245,-35.743326602459,-41.0586432257402
18.025,-60.2053287172398,-27.3290640439492
18.0255,-80.9094535779508,-14.0223064514336
18.026,-91.5376982316045,-14.2939353811378
18.0265,-90.5884942944671,-23.9777193468772
18.027,-74.9725517075513,-35.3337814540013
18.0275,-47.5269489854749,-47.9174800367376
18.028,-21.0706864908157,-61.6742535601387
18.0285,-4.72400764588458,-69.8776330562668
18.029,7.21161673330683,-67.1452496142005
18.0295,24.7412922332644,-58.6181380926186
18.03,47.5217371840674,-53.0954479976821
18.0305,69.5739812416771,-50.0474733499012
18.031,92.5783068425381,-40.8233928297412
18.0315,123.110091631131,-21.9753287663716
18.032,157.629608444755,-1.14670623508789
18.0325,179.925193045743,11.542688032573
18.033,176.802022374902,14.0883079086475
18.0335,152.075645371289,12.742198045629
18.034,122.942650422083,13.0910298068285
18.0345,104.513834964471,12.5520787174675
18.035,97.9917973091473,3.01714051744933
18.0355,91.144140005763,-18.0534166927095
18.036,69.4505705331656,-41.1729234746045
18.0365,29.4864655124655,-53.2584195821358
18.037,-16.4423800531606,-51.8912596754931
18.0375,-50.3975821680251,-46.2694495188141
18.038,-66.1922114911658,-43.7497272782729
18.0385,-75.5595634448923,-42.0047533500268
18.039,-92.5485959646316,-37.0349348746867
18.0395,-111.679139627715,-31.9903129224694
18.04,-109.316328266659,-32.7666851042524
18.0405,-72.6552101209712,-40.237213014381
18.041,-21.3638512064457,-53.2123344026622
18.0415,9.91494019853995,-74.7397786290665
18.042,9.68403687451678,-107.607775598121
18.0425,0.433021346576366,-145.686441656484
18.043,9.86651880230598,-177.625924573283
18.0435,40.2597681798022,-198.937106823491
18.044,69.7249785251054,-213.255001010058
18.0445,76.5027640869097,-221.070037402335
18.045,58.234395488969,-214.950767965578
18.0455,32.7905970912922,-189.54337920201
18.046,22.3676690882573,-151.069980399268
18.0465,31.9585528891051,-112.408557467668
18.047,44.6901814790418,-81.1433929663464
18.0475,45.7967206298497,-55.626116923321
18.048,46.4997079642111,-31.0271578780607
18.0485,68.368228026709,-6.05394799735426
18.049,104.470575588519,16.2674568430006
18.0495,117.535372479178,32.661738324468
18.05,85.3703858917445,43.8186292731821
18.0505,28.5683035996071,54.7895100798915
18.051,-20.7352185281715,71.3981948739675
18.0515,-60.3040224668461,96.4113281095092
18.052,-109.23507859042,128.352406696392
18.0525,-170.504959495168,162.06619808174
18.053,-223.722018728095,190.420760689815
18.0535,-250.552766012645,208.55628208181
18.054,-250.625761529227,217.939109707508
18.0545,-236.266357413242,223.218935802802
18.055,-224.963806594468,223.222532690505
18.0555,-229.500190102877,209.11679888296
18.056,-239.860317717324,175.418658870074
18.0565,-223.56286449381,129.469186372249
18.057,-163.044217730027,84.7596869884705
18.0575,-85.1021709673062,47.1825798432285
18.058,-31.0640702657191,14.0274453001476
18.0585,-3.68289758639426,-14.7572466964623
18.059,30.2286227975473,-32.3126776404674
18.0595,86.6496990706757,-34.4443208749727
18.06,144.486654299674,-27.582999686899
18.0605,185.300940938843,-22.7462618080944
18.061,223.046517976476,-24.1527601693142
18.0615,277.197105231981,-27.4803977829144
18.062,336.272193868603,-28.4368199418547
18.0625,367.120955429146,-29.7954638753456
18.063,350.713247076912,-38.3338279637984
18.0635,296.919587066255,-55.3853012161097
18.064,233.230841056054,-72.8363073838893
18.0645,186.991320474931,-81.0649639254216
18.065,166.929750132905,-79.3781116137899
18.0655,153.465787219674,-73.4316256861057
18.066,118.901122335957,-62.0995078789806
18.0665,64.4647859845743,-35.119181942983
18.067,22.250393329239,11.0928471512715
18.0675,10.5070558151231,62.6947568424812
18.068,4.971212085818,102.378652502268
18.0685,-27.8088259747524,129.595228226339
18.069,-82.4600148071859,156.914135323183
18.0695,-122.665668128419,189.39483088984
18.07,-131.152519019026,219.845095067039
18.0705,-129.059460223005,244.383580985646
18.071,-143.063370244266,268.364261082563
18.0715,-171.548443211411,290.803785102809
18.072,-191.832748836715,294.055513488041
18.0725,-190.54063947294,258.897388769368
18.073,-177.033882459052,186.019466080155
18.0735,-168.464771258734,97.2105321322547
18.074,-167.001212269149,19.3653580567972
18.0745,-155.285656331414,-29.6668062065353
18.075,-116.279039972282,-47.4162001738222
18.0755,-55.5358972312365,-47.4125830944555
18.076,1.24110003235832,-50.3964568280806
18.0765,32.622149061323,-68.3429943410161
18.077,38.69381642598,-97.9695226431762
18.0775,36.7930975252131,-131.765545509644
18.078,49.1295859496667,-169.638040660971
18.0785,91.6586101693573,-214.768489423658
18.079,159.389580759388,-263.867215310098
18.0795,218.838381160199,-309.46877487589
18.08,230.73812832818,-349.28315983564
18.0805,189.02192855647,-385.982958224456
18.081,125.820397976756,-418.2297291501
18.0815,71.8589793403403,-437.258965507303
18.082,27.4125076767342,-432.613250826367
18.0825,-18.8281923255634,-398.970538413421
18.083,-62.3204898539146,-339.885785303437
18.0835,-93.2987007858374,-267.950878548678
18.084,-120.880887871071,-198.208974768235
18.0845,-163.723633439569,-138.141955310881
18.085,-223.000440499819,-87.5547823100653
18.0855,-284.182535701726,-50.1274995455413
18.086,-339.09610038172,-36.7136179306277
18.0865,-384.737039026286,-49.2303009496223
18.087,-405.385803484211,-66.9077723953208
18.0875,-382.175006562622,-59.2938642301839
18.088,-323.599853983838,-13.1237061041964
18.0885,-263.37101839782,59.261924560285
18.089,-220.516405226901,135.024948743111
18.0895,-180.073595321168,197.087241817217
18.09,-120.212977662002,239.327755831552
18.0905,-40.2808185856596,266.691777128535
18.091,46.1671588121469,291.229881969749
18.0915,127.245421352216,320.0897863201
18.092,189.929066210772,346.444047390146
18.0925,219.69719954119,358.509081388492
18.093,220.41796842717,356.130557089606
18.0935,221.698191263852,349.957918893467
18.094,246.816588598121,345.009008539191
18.0945,280.619575056735,335.62044758838
18.095,288.707129324076,318.514062848281
18.0955,265.411493660252,299.750451227999
18.096,243.340989134793,282.880603376321
18.0965,253.388202177985,258.314550961222
18.097,292.823968466122,212.147758543995
18.0975,338.864066327717,142.431136628257
18.098,377.501333897974,62.1077614098608
18.0985,406.42134809042,-12.0719856194323
18.099,419.397517450927,-71.5568387126271
18.0995,404.177423207254,-120.041516134491
18.1,356.592426692004,-166.980054160017
18.1005,286.839645963555,-214.69408116817
18.101,209.761711334242,-253.52654525742
18.1015,135.812046481447,-274.587803647456
18.102,72.0791701519088,-283.949267195468
18.1025,21.869016430837,-294.488398327094
18.103,-23.0434796259802,-304.336769943324
18.1035,-81.6690110896657,-295.71296410801
18.104,-164.533906780329,-258.740777278958
18.1045,-257.073480288994,-204.874966636846
18.105,-330.970296534708,-150.843326801101
18.1055,-370.689416911126,-100.555474887008
18.106,-379.80667578886,-51.6755025434189
18.1065,-363.791010640581,-10.13793567379
18.107,-322.190899836106,14.0708518252948
18.1075,-262.772735433647,20.4139631183836
18.108,-207.882886170798,16.6496055091134
18.1085,-174.15777757437,8.65814460233242
18.109,-154.189745447097,1.71228816762574
18.1095,-129.432623783811,7.16447703487292
18.11,-93.9339097909486,34.3216238259004
18.1105,-53.9903523499129,75.3994483840702
18.111,-12.9342206289635,110.040193015079
18.1115,27.5394348591945,127.026453382656
18.112,55.5081707698062,132.407995179252
18.1125,55.9964768432921,134.6387041986
18.113,30.1077200624632,132.351766762844
18.1135,-7.84470561797221,121.798104536512
18.114,-51.0168811195525,107.303263687695
18.1145,-100.309908394518,96.0772118154325
18.115,-144.129259223133,86.8864415922575
18.1155,-160.575743431024,71.4841919986039
18.116,-147.917734184917,46.5062942816537
18.1165,-132.810575517767,18.5318498686802
18.117,-136.21905386908,-3.50084585225517
18.1175,-148.744620054693,-17.5030791846417
18.118,-153.535625209872,-28.1953671149963
18.1185,-155.385981951306,-39.4166264626315
18.119,-167.111961275183,-48.8783873511011
18.1195,-181.627668785224,-51.8426337691178
18.12,-182.347004276865,-48.6984375333891
18.1205,-172.932622157613,-45.6232435611725
18.121,-170.578079184874,-46.7256665306634
18.1215,-173.599602292543,-48.8096800576697
18.122,-163.385399895837,-46.4189463894754
18.1225,-138.746861238177,-39.4123574109944
18.123,-116.398062474458,-32.548197921791
18.1235,-87.6446029911913,-30.1693418014281
18.124,-7.77136378495358,-35.0582571417262
18.1245,146.661365058931,-49.9846378664141
18.125,331.222405651522,-74.9532103138288
18.1255,472.986531349072,-103.211897910805
18.126,545.395533651738,-124.181463721334
18.1265,577.089037564518,-130.330893788428
18.127,595.145758759907,-118.709019371792
18.1275,593.230203026648,-89.0755431640916
18.128,559.947919865742,-47.0787757548705
18.1285,507.901086714611,-7.79695488864326
18.129,460.01667617977,12.9192839381524
18.1295,426.385354025704,14.2039215607825
18.13,404.668636430331,11.6930791728072
18.1305,381.675932122029,19.8258893866703
18.131,322.864588363439,37.025177122063
18.1315,189.526455098513,51.3080858307865
18.132,-5.62454697663978,54.9643376106943
18.1325,-180.533650812939,48.1969542683634
18.133,-258.169304531187,32.4476591779018
18.1335,-251.593696529085,8.20381103187234
18.134,-239.574608500919,-20.0664566660393
18.1345,-260.544331924063,-42.8770771244055
18.135,-272.69311605372,-52.257409282766
18.1355,-229.303868691937,-46.2898627554176
18.136,-151.172371655777,-25.9122925365788
18.1365,-97.8762669950133,8.36380300882789
18.137,-98.0293176150987,52.3123030202956
18.1375,-138.717326137604,92.9278724831299
18.138,-199.32716144939,114.020545069122
18.1385,-259.276857843449,109.97842747525
18.139,-288.727746528591,91.3555111219973
18.1395,-272.747769245642,74.1001454901124
18.14,-240.712509236704,65.2327020614706
18.1405,-236.168510977712,61.9185669140632
18.141,-259.239820357104,61.5069829379752
18.1415,-273.903630433982,65.8338797578901
18.142,-270.436608326815,75.0227116570152
18.1425,-276.941079965309,83.884838094604
18.143,-298.930260645902,88.4094291578053
18.1435,-292.376065869099,91.0790197555671
18.144,-222.010428717784,94.8306983118043
18.1445,-112.592384957023,95.2884853079344
18.145,-14.0237001894749,85.2003851675285
18.1455,56.2172061782189,65.4026667869457
18.146,105.744389072099,45.5728004145268
18.1465,130.191368854063,33.5692255971749
18.147,123.718106680154,28.3296139891687
18.1475,110.226830788557,23.6652341848091
18.148,121.978839634622,14.8022990779674
18.1485,152.558783668065,0.446920496047377
18.149,168.235633165025,-17.2254813044809
18.1495,162.052620107802,-32.9363097675155
18.15,156.674690761433,-42.5261097545242
18.1505,151.94543788913,-49.2033098006777
18.151,114.227361974891,-62.3191713219681
18.1515,34.1718716063755,-86.5689416129023
18.152,-42.231238793774,-114.250354667787
18.1525,-65.3987542256095,-131.941866102348
18.153,-39.4145482455069,-134.874356774407
18.1535,-3.10164893086212,-131.758558609785
18.154,25.4605406921058,-134.202617539203
18.1545,58.4161529256278,-143.581823413645
18.155,105.114135561725,-151.106716726442
18.1555,156.556723843641,-150.334478615727
18.156,199.267914338367,-145.642374880576
18.1565,225.58100009794,-145.650822831131
18.157,232.895957649153,-151.046138801373
18.1575,227.283155545157,-153.671482488316
18.158,223.60646834739,-146.917442033192
18.1585,229.482439460678,-131.358442990298
18.159,235.407273099083,-108.757499625464
18.1595,232.781553217118,-76.3245306803398
18.16,230.938582074099,-30.9679467044451
18.1605,238.249648050848,24.118045038267
18.161,235.892063850453,80.6900820787099
18.1615,195.07001779812,131.001295597926
18.162,118.3679263552,170.301988510059
18.1625,38.8496296701508,197.80640549426
18.163,-26.1908657993767,217.545200408898
18.1635,-96.199088413413,233.250372428668
18.164,-190.783749641774,239.318204432942
18.1645,-291.907106635808,223.380307552189
18.165,-359.581076637999,182.953932904238
18.1655,-374.811536570477,132.302527401116
18.166,-352.636636778922,85.2715945683391
18.1665,-320.348472432281,39.2233508825146
18.167,-296.856632033974,-12.3372620824526
18.1675,-287.852290717835,-57.8953614380433
18.168,-284.996936950165,-76.2436882562273
18.1685,-268.755824689679,-67.4521028705586
18.169,-224.873734831286,-58.6276845456642
18.1695,-162.666025057264,-72.002079449114
18.17,-108.716127119777,-99.7519647880171
18.1705,-77.7266633453303,-118.28785778418
18.171,-55.8195352356645,-116.496182253996
18.1715,-18.5347378995273,-99.8172924382628
18.172,37.8933016498787,-75.2417141824198
18.1725,89.1745948685294,-45.4341584211844
18.173,107.188462664083,-14.9280893842538
18.1735,88.4931694317012,9.00241352980716
18.174,58.1527359118133,22.8183412577537
18.1745,46.9773682668709,27.9746088014981
18.175,64.878802601752,26.2822739800488
18.1755,94.2568268962075,19.4188942353637
18.176,108.233806681388,12.1351161302106
18.1765,96.4789051751292,10.5933910792308
18.177,74.1250407359162,17.3964844531134
18.1775,64.6117896666667,31.4502049720387
18.178,74.0249356659511,51.0503536605104
18.1785,85.473326470642,73.4695526593952
18.179,80.5316009168336,93.9610577946845
18.1795,62.002244965494,109.870731887336
18.18,49.8227411876715,123.632173939665
18.1805,56.25123556599,136.633977559903
18.181,72.7255527796919,142.433376452179
18.1815,83.0792700467319,132.854000666897
18.182,82.3994400919423,110.518316931605
18.1825,77.6502617857014,88.5446660430804
18.183,74.6856441862974,76.1403244329771
18.1835,71.5291737659508,69.7799770212883
18.184,62.7944557277665,60.4931974737674
18.1845,44.9443578065137,44.7310812544424
18.185,17.6117833125739,25.031331270029
18.1855,-15.3122124749619,4.40219629478703
18.186,-45.6743874466827,-15.3521934388485
18.1865,-66.5764520214545,-32.0110323937519
18.187,-78.8186079417314,-44.4905051164341
18.1875,-88.4584874004363,-56.0701594739231
18.188,-97.7859288066579,-72.4892365010355
18.1885,-103.350977402097,-95.8096163592997
18.189,-104.52644424868,-122.590984052425
18.1895,-108.323974119743,-148.856637100188
18.19,-119.637480333862,-173.431953729675
18.1905,-128.620758790558,-193.717042218083
18.191,-115.711689977598,-201.578758575584
18.1915,-73.3582819294363,-189.502241666958
18.192,-18.2640392899218,-161.089216620994
18.1925,24.1465685397454,-129.810894818926
18.193,45.7466724149066,-105.425266310193
18.1935,59.3033876771034,-86.750164934186
18.194,76.537135761167,-69.7702314705965
18.1945,92.5505676094571,-55.3646330239091
18.195,96.6687203270283,-43.754276171111
18.1955,89.0301647334556,-29.1615165590637
18.196,77.1482905786653,-9.20167187680994
18.1965,63.1875527844688,6.40969356774759
18.197,46.5214222545899,8.30550548439586
18.1975,33.8597596915735,4.72131825458866
18.198,32.0960526815051,12.3439488907306
18.1985,32.5244307263458,31.3075924128076
18.199,18.2852841580823,45.2147068579142
18.1995,-9.86070158612455,47.6353994154158
18.2,-30.8232259688753,50.5794988769561
18.2005,-31.7497329878022,60.6084983888252
18.201,-24.4338998640036,65.7769856152614
18.2015,-25.0104906448236,58.5210879165652
18.202,-30.9207816265789,53.6609437239137
18.2025,-28.9243052177227,65.0315606776307
18.203,-15.0787706543623,77.684101351859
18.2035,4.73775616952392,67.0150188199576
18.204,25.5043636103673,39.1776752066159
18.2045,43.7282284275121,26.7462114642596
18.205,55.5594268130524,42.0993063905559
18.2055,63.3713250965384,58.5422733731765
18.206,74.4455959167769,46.91203541484
18.2065,83.914902626211,13.4961452333261
18.207,72.4866424280878,-10.3402378091804
18.2075,35.2528813731083,-4.71912279552996
18.208,-0.413648999273256,23.853725756238
18.2085,-4.71032302903474,55.9619549029583
18.209,16.4171002940065,76.3673386815455
18.2095,33.4559383586847,81.2840544690853
18.21,36.1306410210307,77.3333259870699
18.2105,40.5626515495393,73.2876965627467
18.211,56.4207634424507,70.3868751458546
18.2115,70.827780531957,63.4258126670526
18.212,68.2216633093384,51.0944066843718
18.2125,47.4388936411529,37.7977731836084
18.213,16.3114505320668,23.1809949871915
18.2135,-14.0476878190115,-0.859167118288479
18.214,-29.0436045536726,-36.5879338570567
18.2145,-23.3933414320859,-70.5006568236311
18.215,-16.3637180932059,-84.119667895078
18.2155,-36.0541076024354,-71.8611116045618
18.216,-85.0575356866065,-44.6230373445996
18.2165,-137.302581618041,-19.6584967808873
18.217,-169.046874728804,-8.99337285155284
18.2175,-175.917467857951,-11.4078382181022
18.218,-162.817818881887,-12.4566785111393
18.2185,-140.92708595188,0.859034789575203
18.219,-133.821057764933,21.9748885426222
18.2195,-158.318543513907,29.2677818066591
18.22,-195.777632351845,12.9098370139691
18.2205,-211.690168725999,-12.6029190660709
18.221,-208.011623004072,-29.5073997467978
18.2215,-220.672449334754,-39.3670416055375
18.222,-254.882206144127,-53.4171088413868
18.2225,-263.786429728388,-69.6709615824861
18.223,-214.161362495385,-75.4664886288457
18.2235,-135.652146144158,-69.234641140036
18.224,-73.3903543339239,-63.5409370485812
18.2245,-25.0258653211576,-64.3764005992281
18.225,35.7081219081579,-60.2796662968492
18.2255,99.6307903894443,-37.1771740258529
18.226,133.847294617616,3.56726806405534
18.2265,138.886795822162,45.3450131465262
18.227,147.169376229936,69.2104411300043
18.2275,168.774641630714,65.7922268633266
18.228,182.595094604484,40.6057065497517
18.2285,183.773101413998,9.34435039861102
18.229,198.690792015304,-15.3872286527729
18.2295,242.50738105898,-31.230509317423
18.23,294.664212856492,-37.7267635390168
18.2305,327.707806029084,-29.3355863779378
18.231,333.58744680278,-7.1462455063699
18.2315,313.747796422108,9.86183007326263
18.232,271.705950726952,2.75786732519515
18.2325,226.362046497742,-18.3850686070042
18.233,206.086415639398,-21.2859958007876
18.2335,214.823283678222,7.86452981229026
18.234,223.354055867488,46.1994045381967
18.2345,204.97348641565,63.6050016415167
18.235,162.112317406828,55.1136619233507
18.2355,110.587484785483,34.4634331965318
18.236,57.8773842735314,11.3902530999166
18.2365,5.33616372554484,-8.58478903937045
18.237,-47.2535696083041,-13.3678976894359
18.2375,-106.166659710173,5.07116870346823
18.238,-173.81079008548,30.2538438894317
18.2385,-232.024748271258,29.1507269296445
18.239,-260.367978157759,-13.7220992071012
18.2395,-273.272243587816,-78.5862008231546
18.24,-304.759457258233,-128.463270585395
18.2405,-345.984100672684,-138.033483150464
18.241,-337.317582550474,-106.339936613085
18.2415,-246.548214478212,-52.1844109513844
18.242,-121.65119399963,-0.520235186647806
18.2425,-35.3452758569179,33.9632159352622
18.243,-4.72806773162597,53.9561396692934
18.2435,-0.0349626441808723,68.5264241224991
18.244,-7.70826647179068,78.480397822509
18.2445,-39.2063872180197,79.933299834379
18.245,-86.8432066622921,78.753239014723
18.2455,-115.403964897978,88.0163346800275
18.246,-103.34856731039,107.442959320076
18.2465,-62.6871459542571,116.655027447192
18.247,-15.3653045365153,96.8636570701668
18.2475,23.7354564861162,53.4598450963304
18.248,40.3869910554522,10.4578451359221
18.2485,27.6843135467067,-13.627527946897
18.249,5.59195909663916,-19.0238201053123
18.2495,8.10563054341636,-17.8178766323397
18.25,41.9310952241739,-20.8709505813233
18.2505,78.3771468555869,-31.4335166353653
18.251,92.8602266898551,-46.5294224545282
18.2515,91.394821004988,-61.4209319227569
18.252,90.0891088291132,-72.2262552323268
18.2525,90.1387991065982,-75.1517705011005
18.253,85.9543406684973,-66.5786274128059
18.2535,80.85363605604,-47.1463356375102
18.254,79.8686014496749,-23.9296490017628
18.2545,77.889864918877,-4.66863938244769
18.255,66.981440092769,8.96252728789702
18.2555,47.7060575264923,18.9503592626741
18.256,25.1492665285543,24.707858346052
18.2565,1.95367962018646,24.6848624495848
18.257,-18.5044415564122,21.7258826252567
18.2575,-31.711383817864,20.6035305370833
18.258,-41.393891684965,22.6340138583618
18.2585,-59.4214698618788,28.343986991516
18.259,-88.938303925827,38.9729913413381
18.2595,-116.489684962837,45.1658523906225
18.26,-128.14920197511,23.6702397790505
18.2605,-124.963461907973,-33.8566200318502
18.261,-115.359916978382,-92.1887361244756
18.2615,-101.166530574433,-100.976416597585
18.262,-79.6272636938222,-60.0156015243452
18.2625,-51.8831650175418,-27.5063472228137
18.263,-21.1068169792393,-44.355007925694
18.2635,11.2971941062073,-75.8408476219697
18.264,39.8739784324814,-58.7622318141901
18.2645,52.5841975842974,9.66755381248742
18.265,43.5872065605374,67.1587897521462
18.2655,23.5787309520903,67.6665494642378
18.266,8.28030734913674,31.2585070950192
18.2665,0.687790795415831,4.82733401998615
18.267,-6.32649320492753,4.95008802125858
18.2675,-13.8722431918603,16.9585457782811
18.268,-14.8478339352817,26.7396269726166
18.2685,-7.63933366174593,30.3268834625727
18.269,-1.3799055919411,24.3567013903526
18.2695,-3.64892824216512,8.10675684364907
18.27,-9.42201335463933,-9.1037436419068
18.2705,-6.64316625898567,-16.6542465938833
18.271,10.670032533108,-15.4648578253846
18.2715,38.409580549806,-12.5112509039618
18.272,69.027667392361,-8.57215661381944
18.2725,97.5285667755178,-1.88044947757281
18.273,119.740400335625,2.13052204007065
18.2735,128.551893655488,-3.15198635688875
18.274,117.660035009731,-13.044198395998
18.2745,90.8782264169752,-15.9044330243218
18.275,63.0246596971553,-8.14544766591444
18.2755,46.4794233627129,3.55862511675876
18.276,38.710028154378,12.2678804508925
18.2765,28.0303797745613,14.7804009925626
18.277,10.0634635734209,9.17954940862953
18.2775,-7.74380142584116,-2.33899798276272
18.278,-17.317232274194,-10.4739720377414
18.2785,-17.9150722359756,-7.27056649139982
18.279,-11.2026385316155,4.38708659868715
18.2795,3.36913979569297,17.089088197647
18.28,22.7694899869887,30.491838476483
18.2805,35.5123185536396,46.6471850212355
18.281,30.0653163858709,57.3854816868972
18.2815,7.4590520259815,49.6137442520285
18.282,-19.0734965032276,24.7152355809387
18.2825,-36.9312710619859,1.78216644803522
18.283,-43.4121130082744,-2.27812573903951
18.2835,-42.7746691157147,10.9960716211927
18.284,-38.817551602343,26.7923596125908
18.2845,-33.6365276400388,31.5915033890722
18.285,-31.7583067838526,21.6143541945389
18.2855,-39.9305628992308,4.28631483324186
18.286,-59.3644446228731,-6.43248850564091
18.2865,-81.1770525835146,-2.51796358420857
18.287,-94.9194703328024,7.44675630421923
18.2875,-100.572090046457,4.33718546399735
18.288,-105.520973913994,-22.546993744968
18.2885,-109.55986914382,-64.0998629882429
18.289,-101.870557208796,-97.454576682598
18.2895,-76.2552460888644,-101.602580950769
18.29,-39.8760641094933,-72.5667659281842
18.2905,-0.538578226489072,-29.061875392223
18.291,45.1217214308189,1.59404069327713
18.2915,100.689644292704,9.93463189403696
18.292,154.721834565003,11.4090536927496
18.2925,188.882289584915,20.2717510771977
18.293,197.163893625101,26.6871380121424
18.2935,185.68033512933,14.1698664182755
18.294,158.542815814306,-9.17001423114861
18.2945,118.734187160963,-18.9230632314457
18.295,80.4217577564518,-12.1966315495503
18.2955,62.9233312677178,-12.2194238911778
18.296,68.6008670720102,-28.4499312909736
18.2965,79.5562094443661,-36.0269811134647
18.297,79.3556795758854,-10.8238996168229
18.2975,66.4005509400461,31.9372160719241
18.298,44.8643326307793,54.5636080456918
18.2985,18.0983387814472,45.4260362182365
18.299,-3.626561851315,32.3108349986715
18.2995,-3.54683466401509,46.3772722034297
18.3,24.5248172024866,84.2731681989603
18.3005,68.4920299139261,110.273259509999
18.301,110.656162470397,93.6333306636363
18.3015,135.556768908009,43.4041867447848
18.302,123.53026913997,3.06485698130205
18.3025,58.1346864948377,3.6978059202044
18.303,-47.0504144561281,25.6533811569893
18.3035,-146.599534682149,20.2721488069795
18.304,-205.908634675555,-29.4796045258323
18.3045,-233.851442281342,-87.0529263477508
18.305,-256.768466151557,-106.435201715347
18.3055,-274.496496247823,-80.0545870736634
18.306,-266.621580588505,-33.3214105551688
18.3065,-233.954529112186,7.94506669619791
18.307,-203.943744785037,27.0443008818552
18.3075,-191.603559932249,11.6203090015585
18.308,-181.3206365519,-33.8117425077755
18.3085,-157.662114110234,-76.927267252559
18.309,-132.28866770775,-83.3493056842727
18.3095,-124.040331854265,-53.3721251427155
18.31,-127.787899432302,-15.8986304028022
18.3105,-123.693642016297,9.65593569434256
18.311,-111.282431346568,24.0778967770311
18.3115,-113.603770303556,24.4839614016592
18.312,-143.406334467942,-1.14882226729617
18.3125,-179.479046963964,-45.8757035515578
18.313,-186.377405899441,-74.2089409929995
18.3135,-152.877605713398,-59.6838827547417
18.314,-103.360287846245,-20.7849586740838
18.3145,-71.5201090044034,-2.05404494846273
18.315,-67.368558039847,-22.2449082528386
18.3155,-70.7967334282596,-53.8399548669262
18.316,-54.0767860934717,-56.3543060083329
18.3165,-8.80793302149314,-23.2793380502534
18.317,46.9415619854203,9.84266050856414
18.3175,85.7567288338594,6.17193451817921
18.318,96.85767926962,-27.866185633237
18.3185,97.7832359770438,-49.309053975128
18.319,118.699003843109,-32.0713487100347
18.3195,171.986363754183,2.80330653495255
18.32,238.73349182469,22.8946536359975
18.3205,288.120502425527,32.8668575811467
18.321,307.100516840888,60.7213501629392
18.3215,306.492652317607,104.088311182515
18.322,303.060144400406,124.980069540326
18.3225,306.201490824577,104.440022773685
18.323,321.34290100604,69.9393746971046
18.3235,353.307758235402,52.0920146181375
18.324,400.219164075412,42.3449714427623
18.3245,451.473994268299,18.3584622899596
18.325,495.749919034515,-10.4467598782699
18.3255,523.864649292184,-15.0883009312825
18.326,522.271235673381,5.65493715998522
18.3265,476.753595201516,23.5751413037818
18.327,390.996883390653,26.6837546977902
18.3275,292.06314766542,35.5090866955299
18.328,207.81170959629,65.081376168579
18.3285,144.297916806184,97.0437165610495
18.329,89.2883980073607,105.940877238338
18.3295,25.4825794041333,94.6942282569668
18.33,-66.8611357495871,83.952459104868
18.3305,-200.520769012477,77.0957215364207
18.331,-353.442594604714,57.7646894344937
18.3315,-464.038746597203,20.1307647111179
18.332,-484.881076139646,-18.4909455432384
18.3325,-441.658824530231,-40.6501990851511
18.333,-411.528430591373,-48.9834408528304
18.3335,-435.423210836222,-53.9045616479308
18.334,-475.530430515915,-52.883022104346
18.3345,-471.170911092051,-37.0601994202531
18.335,-413.616106346535,-14.58749834568
18.3355,-344.966491288062,-10.9142890395073
18.336,-298.772867434197,-40.3502221744003
18.3365,-269.141887739846,-87.4805639454717
18.337,-236.567931797553,-123.569017626971
18.3375,-199.203654708054,-133.945449215612
18.338,-167.471289714901,-122.156694374982
18.3385,-141.011440470838,-95.4299548676597
18.339,-106.086637512941,-59.0982097792507
18.3395,-56.3031995477225,-23.4681404412656
18.34,-7.23289296701202,-2.58719909457768
18.3405,16.66721520661,-0.937185011312852
18.341,10.3228692037708,-8.58611142162079
18.3415,-2.80797888846723,-13.8964408374072
18.342,4.00225612775298,-15.5341278728561
18.3425,29.610412238798,-17.6049100760584
18.343,48.542669847182,-17.8829896565606
18.3435,45.3653724176528,-8.02382812521313
18.344,32.8099583640338,13.7936466670606
18.3445,29.7672062785659,35.1232028530018
18.345,33.3972455198273,39.3035513912384
18.3455,25.67560538249,24.8521846012295
18.346,1.55016825848157,9.69014052954656
18.3465,-23.3400517037897,8.73907346033396
18.347,-32.5841692255262,10.5085786242356
18.3475,-25.1262825553479,-10.2507649484123
18.348,-9.71880332488301,-53.3781795746471
18.3485,6.56183523082111,-84.2879035444411
18.349,19.9970852850617,-77.0621633978679
18.3495,28.4616123140863,-51.1932345653529
18.35,34.5929644475323,-43.7831169444616
18.3505,47.0400298369847,-54.3114295781767
18.351,72.8825575657628,-44.9869454709885
18.3515,109.401919674413,2.61745145383594
18.352,146.006969979074,58.9463375828655
18.3525,173.276362173594,84.8581017485131
18.353,188.364725782841,76.301400190112
18.3535,193.345926292767,56.2882504716107
18.354,191.36867647385,40.7301463851446
18.3545,184.871443757425,30.6050203183109
18.355,175.74019130029,25.6007933356293
18.3555,165.555517399257,25.7333461606044
18.356,155.171144781837,24.7897371751995
18.3565,144.768410416952,18.1542067641599
18.357,135.235790002795,13.9328890861816
18.3575,128.270161520238,23.0250407438819
18.358,122.386598353878,40.949128368353
18.3585,109.582959916254,51.8535294190576
18.359,81.3856744954548,48.9264461800771
18.3595,40.9900627355022,39.9946893040349
18.36,4.61756008733295,34.1372910703338
18.3605,-14.2236024069871,32.8499251985669
18.361,-18.7316531208493,34.3644110415541
18.3615,-21.8415271534858,38.0343491464606
18.362,-28.8742372317958,42.85260614685
18.3625,-35.1746001158746,46.1365506356909
18.363,-38.9685683887948,43.7188635256539
18.3635,-44.9579933860392,31.001102674691
18.364,-51.6646888666972,9.46089197062066
18.3645,-46.6823761430747,-6.92818221002528
18.365,-24.3445529113823,-2.63285953152599
18.3655,-1.71941787986508,17.0362235122687
18.366,-4.57946347978845,27.2865846060812
18.3665,-37.2127971021364,16.3974829322027
18.367,-76.2013694884871,2.3844659614739
18.3675,-97.4226509542706,2.95462087627893
18.368,-101.240253987634,3.78439066998312
18.3685,-105.405900889222,-20.0829802766389
18.369,-119.170364756316,-59.1228504611835
18.3695,-133.689296191325,-73.4056057951918
18.37,-138.166838573245,-44.9314878360042
18.3705,-137.311324479313,-2.37360985172655
18.371,-146.478998721086,14.9179479691545
18.3715,-170.574820870999,-1.38794752130432
18.372,-193.027443275888,-33.9213381819292
18.3725,-189.267541757257,-69.8439221061419
18.373,-150.012309589714,-108.011729796791
18.3735,-87.5074428400639,-142.161194340489
18.374,-18.6884957313215,-153.606375544419
18.3745,51.1524505005305,-125.929716318118
18.375,121.883210534986,-63.0613662451581
18.3755,180.758482340774,9.05686754843232
18.376,204.284310043219,59.1597885935749
18.3765,183.322061742391,71.4674239314627
18.377,137.509372596453,52.2121670975149
18.3775,95.6217861584152,18.3183847495468
18.378,66.4232785344747,-14.9287361879077
18.3785,38.8419734481415,-34.6518960696347
18.379,7.3690824241884,-30.4266101022029
18.3795,-17.0889696119811,-4.0919142030389
18.38,-25.1449944302523,26.0424008036356
18.3805,-24.8599081726149,41.3940183801786
18.381,-30.4926769611624,40.2130110757768
18.3815,-42.3812014732917,30.7244017105773
18.382,-47.4577076681578,15.489462244401
18.3825,-36.5186587384483,-4.22526316786426
18.383,-13.8160778985044,-16.7017564885305
18.3835,7.36931875783459,-11.4577886400943
18.384,12.584628901167,1.00494397050867
18.3845,-5.03311178159042,1.86427387203738
18.385,-34.7124897384385,-4.62934742107442
18.3855,-51.0761805471222,3.99307450054178
18.386,-38.6532549828211,28.692754577806
18.3865,-11.1448717033713,40.1292209997073
18.387,6.31672047707653,21.0119173179271
18.3875,12.6037379068416,-6.22559568106447
18.388,31.5525967568961,-11.5515788535687
18.3885,73.7222697558146,1.36789085178781
18.389,115.553963297706,7.00565758410426
18.3895,128.500705061781,-1.73609904785222
18.39,114.986730014504,-8.10687007984847
18.3905,99.5132318311909,-1.01383362602812
18.391,93.082556523883,10.5930980127146
18.3915,84.7075203434136,12.9633200412663
18.392,64.9229927424894,2.72066144811628
18.3925,39.2863578974716,-12.7705393466891
18.393,15.2524228374617,-19.0444800788753
18.3935,-10.726627028816,-2.18114612160277
18.394,-48.0535341347535,33.8334804305263
18.3945,-102.685162644299,60.1951612537472
18.395,-173.940131438074,48.908550844042
18.3955,-249.223409295222,6.20224006616914
18.396,-299.838669843014,-32.5966522994283
18.3965,-295.911556535313,-42.3496265740987
18.397,-233.68080584136,-28.7422309098869
18.3975,-140.267245337745,-8.03921124261539
18.398,-46.9830850719192,16.5796675356086
18.3985,32.309251440815,47.8307150375439
18.399,92.5628728678039,74.7961375335327
18.3995,123.585454621218,76.6853538354182
18.4,119.389284283982,47.4939767102032
18.4005,93.0764178816399,7.79779786476773
18.401,66.9152418904543,-13.7575311986181
18.4015,50.3934688477489,-9.35387150217714
18.402,40.1836928060601,1.76112543099085
18.4025,37.8571714151869,-1.79723513875016
18.403,51.8464313406541,-15.8895198001434
18.4035,80.0084467465911,-15.4710548572641
18.404,104.011069082497,12.2075277976441
18.4045,107.356442276857,48.50814090874
18.405,91.7541097512258,64.2199797846117
18.4055,72.5342178606816,52.0489603185177
18.406,64.5807265277724,28.5956520064087
18.4065,74.1345066746047,9.52839247346416
18.407,95.9968678733235,-3.49709642828639
18.4075,115.805007987455,-11.496748825197
18.408,122.024943770985,-8.87092602582639
18.4085,117.293197662062,6.45148241923586
18.409,110.463285311869,21.5361018109856
18.4095,98.6537768182806,16.4397578736886
18.41,70.9692255864228,-16.5954616117153
18.4105,33.1249282807334,-64.4406859541501
18.411,10.761941538197,-101.466679993489
18.4115,16.2028092258318,-106.374197273458
18.412,25.7375778007344,-76.950946751816
18.4125,7.34148975946541,-33.219152326123
18.413,-36.9411270347625,-3.38182917388179
18.4135,-75.0732877097306,-1.65127609073731
18.414,-87.8166835348586,-18.757396436573
18.4145,-87.1433442801645,-34.3828876556633
18.415,-90.1400382464597,-37.0922073774656
18.4155,-95.5621977339118,-31.724276150012
18.416,-96.2222781040027,-30.6552503395871
18.4165,-98.2193545494176,-40.0459882071097
18.417,-112.100509124903,-52.3997294211113
18.4175,-132.299090094367,-50.9044346918335
18.418,-139.540160217913,-24.3882752347875
18.4185,-122.558551313446,18.3903106797949
18.419,-89.5012339341488,51.4993704256434
18.4195,-60.320913080052,53.913562827018
18.42,-53.6073335970764,29.6397258534257
18.4205,-74.8847987823245,2.81466514154385
18.421,-108.875990644773,-7.13117330133787
18.4215,-128.456390252463,-1.49342216396973
18.422,-122.255967028438,5.99900204510572
18.4225,-109.807301876955,5.69068423126359
18.423,-117.287990484629,-4.25806097450516
18.4235,-141.826642730058,-22.6805567106782
18.424,-156.603161815162,-43.387645996199
18.4245,-152.102937861575,-52.0072620855491
18.425,-151.011160532893,-38.6575952910324
18.4255,-170.203978000973,-15.6508188587233
18.426,-184.767109634979,-8.15869701425617
18.4265,-151.026846168596,-20.3427725312473
18.427,-61.9147443497155,-24.5575819567017
18.4275,38.1668862314385,3.64970494320779
18.428,96.7613431013995,50.597461183486
18.4285,100.52256450028,79.5261318780279
18.429,77.3628373124491,72.70091485423
18.4295,64.3184480348624,42.0314997318156
18.43,81.1252468208517,5.06351548968476
18.4305,127.646364837573,-27.7919499498463
18.431,193.995558121533,-44.1611255189039
18.4315,266.634005389447,-32.6964445540244
18.432,326.713158036029,-1.66274810597608
18.4325,351.877778994634,25.1236498240589
18.433,331.954252167647,37.5145801290769
18.4335,285.990813076127,45.2322253355598
18.434,252.324990881682,49.8585846607862
18.4345,251.270887675963,36.1990668620096
18.435,264.116089207076,4.75237851467905
18.4355,259.949960662604,-12.8182975943176
18.436,235.765768727347,7.65721432118585
18.4365,213.293088989197,48.3129734380346
18.437,200.371139181476,76.7639853482074
18.4375,178.129079654886,90.2403717603877
18.438,131.368319203859,104.80650787098
18.4385,70.5408905964987,116.344185282996
18.439,13.1158611771589,106.725475674064
18.4395,-38.2459331809203,81.4946065713872
18.44,-84.8543547654305,65.8146551451204
18.4405,-116.201505284561,63.1195055724497
18.441,-123.722523565005,51.4172162385096
18.4415,-118.526439396494,23.6236508149906
18.442,-116.36555126083,-2.42020263985481
18.4425,-114.867678897468,-20.0498315323862
18.443,-105.989388936305,-43.2881434540867
18.4435,-101.725067971696,-68.6843911043389
