time_s,EMG_ch1_uV,EMG_ch2_uV
9.7195,68.1938613386685,69.4881034556799
9.72,47.3088449809547,58.3263893437319
9.7205,23.3514722778088,48.8071593402183
9.721,11.0870658134916,37.1805069514198
9.7215,5.13780225649312,17.3239884453489
9.722,-22.9436041310124,-6.35705489001835
9.7225,-81.7791871441013,-23.6929092866366
9.723,-138.092147146459,-33.9261733959572
9.7235,-155.252801690006,-46.5389104866256
9.724,-136.902163237691,-65.5595952684321
9.7245,-113.747554068234,-80.9393268171631
9.725,-100.727831922944,-79.9714047596524
9.7255,-88.771734404218,-62.9855364011447
9.726,-71.1849648200555,-43.0327437920664
9.7265,-55.3661354653285,-31.6231774258702
9.727,-47.6276649560639,-28.5450721918944
9.7275,-43.7901425167406,-25.6583424959579
9.728,-38.6163905774052,-17.6354818492115
9.7285,-32.7233792288693,-7.25950625572621
9.729,-27.3417749105182,-1.2286518591319
9.7295,-21.4979247014281,-2.89357947492014
9.73,-15.8458479003165,-10.1253219005593
9.7305,-11.1210579572608,-18.986794130594
9.731,-2.89123052463688,-27.0636352141373
9.7315,13.2610304626064,-32.864667881274
9.732,31.5057790926439,-34.5508557611915
9.7325,40.1227796480767,-31.2067465119869
9.733,36.1487777710307,-24.1183277343115
9.7335,25.8267183925662,-15.1959626427342
9.734,10.6736564387449,-5.307092729002
9.7345,-14.3448878822583,4.34027470334718
9.735,-45.7921446779673,10.8782990796356
9.7355,-67.9197974047544,12.4564620527739
9.736,-71.0216425113319,11.487698351671
9.7365,-63.9251554444868,12.6290296524165
9.737,-60.4551492749828,17.4824176202785
9.7375,-61.7225106544945,23.0776482829579
9.738,-60.5604922096652,25.2868450837238
9.7385,-56.508966460184,22.0113305775529
9.739,-55.5572330159279,13.69232244169
9.7395,-58.2045393116377,3.07055623681603
9.74,-58.0183327701449,-5.51078312599901
9.7405,-52.2054348121243,-8.53420134130546
9.741,-46.0006357601954,-5.41526430601893
9.7415,-45.1011828633224,2.47517438726002
9.742,-48.4223786140393,13.4681018894559
9.7425,-49.00129379145,24.5971743151953
9.743,-38.9937022887554,31.0744147984027
9.7435,-14.9130071406849,30.1964329996715
9.744,18.0279859922857,24.7739824765938
9.7445,47.1590117232539,19.2217919856774
9.745,61.4949017856594,13.2292497661943
9.7455,60.3022777648501,3.48264065926662
9.746,51.7870727328787,-8.94780188315029
9.7465,45.147885887977,-18.0681439031101
9.747,44.7213332275391,-20.4753030966424
9.7475,47.9433857532129,-18.5522087638299
9.748,46.6862313453555,-15.1870979556371
9.7485,35.0822780127628,-10.6410410058503
9.749,18.9995283770666,-6.38791371116885
9.7495,11.8142900808511,-6.05081392144334
9.75,15.9685096118263,-9.08105870898858
9.7505,16.067996932345,-9.06528664616951
9.751,-0.745971150825994,-3.0057167788337
9.7515,-23.0869699247003,2.58924524099172
9.752,-25.7552595512674,0.572916674183982
9.7525,0.273980505626586,-5.97146925175964
9.753,40.6431933643883,-8.43666997195458
9.7535,80.375689903896,-5.32497282152766
9.754,119.736092241195,-2.64125581269219
9.7545,162.466543934201,-3.0640315442124
9.755,200.91968098922,-2.65477923584994
9.7555,222.546469560928,1.17744803751166
9.756,223.863382052613,5.86466448220297
9.7565,209.109151984346,9.57258939909972
9.757,180.701296766937,14.1827409171007
9.7575,140.844615884966,19.7962393792104
9.758,99.8387024972995,22.4688068823573
9.7585,72.5273880773107,21.0160971187812
9.759,63.8459317034125,20.6773075298799
9.7595,62.5686912757105,25.5358531314618
9.76,51.5021674062155,31.4758194045065
9.7605,23.169213644922,31.436207603205
9.761,-13.0378008357299,24.6153885093366
9.7615,-38.3989731358849,15.8915117100926
9.762,-43.1674221000017,8.59149694835159
9.7625,-39.1693895468607,2.59092386985863
9.763,-49.3316290768969,-1.94019373551813
9.7635,-81.9070409789142,-3.47328079659909
9.764,-121.14027233584,-1.39746402151839
9.7645,-147.596370664845,3.86990156999928
9.765,-160.128135506899,12.1858611297394
9.7655,-170.699323995491,22.1061101984856
9.766,-185.724787711387,29.191147520345
9.7665,-204.102126204918,29.1268834504929
9.767,-227.550425795014,21.7195406750209
9.7675,-256.935100587244,9.25434925390728
9.768,-278.985862415688,-7.14748885148146
9.7685,-273.676239103977,-25.9332410369455
9.769,-240.476710148688,-41.9471873437277
9.7695,-203.628964444539,-49.9654111145897
9.77,-183.30689914894,-51.1031967517274
9.7705,-172.960242829585,-51.3516959492167
9.771,-154.902489971778,-53.9428407764821
9.7715,-127.68064500778,-57.3160469344377
9.772,-103.999505376718,-59.9267103686368
9.7725,-87.4472858760355,-61.6420685046781
9.773,-66.9168748911025,-60.0652759173365
9.7735,-34.0174181212433,-51.4996274677041
9.774,7.53793560150806,-37.5579128614395
9.7745,52.6961387225098,-25.6027895068786
9.775,102.871335549775,-19.9629769795802
9.7755,156.672538235691,-17.1843360849858
9.776,202.49858465743,-12.7341345547021
9.7765,229.858344843065,-7.88348907228552
9.777,243.37276554829,-6.20990257575238
9.7775,256.489114519039,-6.89652992147316
9.778,273.278827297634,-5.72493154072161
9.7785,285.594403257901,-0.544278491290283
9.779,289.138424306995,7.67314252734359
9.7795,292.644632081226,17.5426886454401
9.78,304.384333412937,28.4330651762922
9.7805,314.588922282721,40.4553481836194
9.781,300.263124840736,54.6849018043471
9.7815,248.626110084946,71.0676442681218
9.782,170.20463936635,85.6624758526442
9.7825,87.1917012482178,94.1403919817487
9.783,14.6348748414177,98.6161828145472
9.7835,-43.4550329064671,104.605645099638
9.784,-85.7660156732075,109.087958132183
9.7845,-110.375647225043,99.9558425411502
9.785,-119.770287962384,72.6821969393964
9.7855,-122.243104357463,39.2738878327072
9.786,-125.284032125815,12.593854658115
9.7865,-130.478308764259,-10.5696114345072
9.787,-135.880342600351,-39.7832760349399
9.7875,-140.053206355523,-70.330553238502
9.788,-142.544546367316,-86.4479643996401
9.7885,-143.186021272737,-83.491024530795
9.789,-141.785658814901,-72.8929787812212
9.7895,-136.413071130298,-64.0945221403255
9.79,-123.198504810181,-55.1007452804395
9.7905,-101.999657162567,-43.7641061674261
9.791,-81.0202415051165,-34.5963985634996
9.7915,-69.5434714431966,-28.7412603688779
9.792,-65.8944517704278,-19.8826789886558
9.7925,-59.705081119923,-7.62495507785628
9.793,-47.3288663222384,-3.15844378006235
9.7935,-36.7303221957853,-12.0362206084355
9.794,-33.9995473986183,-21.6121043561282
9.7945,-33.8770024862488,-17.0975364116331
9.795,-29.2150833924864,-2.12072375137045
9.7955,-21.7877491136085,8.85329411732488
9.796,-16.5075625806396,12.0497071913503
9.7965,-11.8702775436448,14.9837105807606
9.797,-4.31876104487286,20.0056414897601
9.7975,3.92635780912362,21.6894252955963
9.798,10.0238234476107,19.5862961628759
9.7985,17.514085054252,20.1369654080176
9.799,28.3179933180213,24.6664258894106
9.7995,33.6602598862888,27.203854972224
9.8,25.399693081709,26.1169708322506
9.8005,12.5693537844329,26.8636799908537
9.801,12.664129893854,30.56445743854
9.8015,27.4046364502697,30.6085635014173
9.802,41.0044506409835,24.4928411002905
9.8025,43.4870269860147,19.0701907458654
9.803,41.7682208124842,19.1869573670604
9.8035,44.2132130368081,20.1353545983895
9.804,47.4330211388897,16.818102079563
9.8045,44.5044835973029,11.8562264580588
9.805,36.1839231249085,8.09444354217645
9.8055,28.2909346134264,0.821482948683897
9.806,26.109915560329,-14.4798718306362
9.8065,34.5453519815103,-32.1022796520253
9.807,53.8002318752566,-41.9383831888295
9.8075,71.4711536362768,-42.1330330286431
9.808,70.6857221969007,-39.4141684343524
9.8085,51.5069052211823,-39.6649851187444
9.809,32.7794621507439,-43.9310297419954
9.8095,27.0034552877821,-50.9614340899182
9.81,26.3729031417698,-57.9876272493147
9.8105,21.3258311660999,-61.0679323082881
9.811,18.0879459540066,-59.3279606841466
9.8115,25.3292207043468,-56.382353664426
9.812,36.2343173292157,-53.6429257502247
9.8125,39.4387842908384,-46.2780493706717
9.813,38.0577549053182,-30.9101874560464
9.8135,40.8522017589301,-12.7944525097951
9.814,41.6447904974195,1.32586709067005
9.8145,26.046942987486,13.3690687985116
9.815,-4.40165367434653,28.7087812129162
9.8155,-32.0872698309276,43.9345874925526
9.816,-46.4308513160022,49.7928107551984
9.8165,-51.6784406104453,45.9303385401931
9.817,-52.6111349140187,42.6339013355274
9.8175,-49.0357370188064,45.6518093414839
9.818,-45.9901772928929,48.2458485124051
9.8185,-53.4921644194904,42.602745488909
9.819,-72.0429754985584,31.9825855428077
9.8195,-91.0379763578446,25.7743106379933
9.82,-104.014651324883,26.8291444469418
9.8205,-112.681902329934,29.156218503538
9.821,-114.672386565384,26.1169335210487
9.8215,-103.113940320687,16.9702714534187
9.822,-82.3390693649466,6.49806238847985
9.8225,-68.1496808903974,0.642936310950884
9.823,-66.5064387734546,1.29870407566388
9.8235,-67.189012846532,3.91458646743681
9.824,-64.8810583162076,1.96535157265802
9.8245,-68.8267848349694,-5.15974395113193
9.825,-80.7174701534404,-11.1189488282355
9.8255,-80.0765884577532,-10.6584501006817
9.826,-47.7138409803961,-5.71858819185883
9.8265,8.26016672686239,-1.47210662385378
9.827,65.6207845656144,0.774957484818945
9.8275,116.162978121038,3.34378374488436
9.828,162.618096941566,6.34142734513527
9.8285,196.806078639351,5.82014338812051
9.829,203.810229972549,-1.38443268973235
9.8295,186.917094301278,-12.7914776560685
9.83,168.089507247698,-21.4701275069381
9.8305,160.242591986101,-22.0932153780399
9.831,155.494839542785,-15.6112155376758
9.8315,144.710260389882,-7.7171282892829
9.832,131.774780338497,-2.88881194104134
9.8325,120.092651704915,-0.855009487341818
9.833,98.6557205449448,1.2694514422981
9.8335,53.9191380638645,5.7662731524989
9.834,-10.7691604469209,14.3461911192662
9.8345,-76.9917084990348,28.283465410078
9.835,-128.66954365384,45.4545895704837
9.8355,-160.902420144009,59.52092846395
9.836,-175.927793354053,65.947089989759
9.8365,-178.838727442742,67.2633293258869
9.837,-176.663100728101,68.0977809956962
9.8375,-174.700790510903,66.4423029684298
9.838,-171.149644485975,55.3131877427611
9.8385,-157.959550012127,32.913080871152
9.839,-129.126382482619,5.49065546742639
9.8395,-88.5187213836512,-20.6555824625744
9.84,-49.4318938362089,-44.294564733595
9.8405,-24.974405087742,-64.8606929590415
9.841,-16.6572070915784,-79.0068122498627
9.8415,-12.5603129930946,-84.9398107194437
9.842,1.32596275195918,-85.6897955331586
9.8425,27.9823295366083,-84.6082247990325
9.843,58.574385253191,-81.1554815024412
9.8435,82.7130700502338,-73.893151759459
9.844,96.340202721387,-63.6910393855552
9.8445,100.740987539294,-50.9437327735721
9.845,98.0323396923038,-33.8168998750653
9.8455,88.4228296917896,-13.0333983095343
9.846,69.7675161748428,5.39663444934004
9.8465,40.5562990671975,16.2008008958046
9.847,5.72505028288658,19.8617913198765
9.8475,-22.6456484336037,17.4459156015168
9.848,-34.9125426175549,5.07012437254191
9.8485,-33.2997761903982,-19.6609648549465
9.849,-27.4785109306168,-48.0737176701879
9.8495,-21.7530969205279,-64.7631741160051
9.85,-11.4809644663821,-62.3794606609237
9.8505,8.81502182254501,-47.5765964069823
9.851,39.5758126176604,-32.2972246281034
9.8515,77.7128511021333,-23.3289536025347
9.852,116.913901815918,-19.8768935139932
9.8525,145.961285392692,-16.2011089859353
9.853,154.795627313191,-5.47889980858499
9.8535,145.241369044845,14.9526848711716
9.854,129.29903037645,40.3973052831724
9.8545,114.285977657581,62.6700952289664
9.855,96.8436478184075,77.228336969485
9.8555,74.6847093655122,84.7917807484111
9.856,55.1127126997489,87.5661170274872
9.8565,44.9956173309241,87.2706296242913
9.857,39.5055840998068,85.7132411837839
9.8575,29.157681894325,83.2337243035479
9.858,12.475403613671,76.9373521354782
9.8585,-7.14777494761921,64.2059169222525
9.859,-31.7287283092117,47.6353852204613
9.8595,-64.3818800914318,33.0699726560041
9.86,-97.7429492383506,23.6967132371618
9.8605,-119.74902680114,19.7842622828715
9.861,-131.410898955301,21.9849445422296
9.8615,-145.807019115129,28.5304171105861
9.862,-166.17733301006,30.0946427126362
9.8625,-178.128966610016,15.8550674523726
9.863,-170.55658210502,-12.550367629427
9.8635,-152.698426991243,-39.8081527705893
9.864,-140.198865533242,-53.630962151237
9.8645,-133.203146505654,-57.3789253820696
9.865,-120.754026706401,-61.7189600014114
9.8655,-100.828640128354,-68.7394698479724
9.866,-81.6062997999866,-70.6673159424272
9.8665,-65.198405322003,-62.1379391475813
9.867,-45.3146444518852,-47.6598394354483
9.8675,-22.6910489916679,-36.491735154876
9.868,-7.90532834193692,-33.9763966922892
9.8685,-3.37655849587014,-38.8263771042522
9.869,3.70781794061864,-46.5302547935343
9.8695,21.3600970370838,-53.9535980120587
9.87,37.1549815826084,-60.5977885253667
9.8705,34.9334203581345,-65.6495527581716
9.871,19.1290092606476,-65.6240812469707
9.8715,8.30302776343233,-57.4785187765781
9.872,8.95167147845331,-43.137126844538
9.8725,11.0084905363916,-27.2741195667043
9.873,8.50973226623388,-10.9625497968996
9.8735,8.64515782727633,7.79136275524692
9.874,16.1914624410511,27.0968585668543
9.8745,23.3441795924731,41.4306404706779
9.875,23.1657376056839,51.4938354905191
9.8755,22.2987058997145,67.0084797139863
9.876,30.4014673358136,94.301605542148
9.8765,44.3880219985114,126.12044780143
9.877,53.3312793520195,149.944888613519
9.8775,54.1973341928528,162.331978583633
9.878,53.1545870512083,167.940493136089
9.8785,54.835004020475,167.571791071459
9.879,59.9329157675965,156.125717374694
9.8795,71.1180223207944,132.491761305617
9.88,91.0990877827506,103.752935657097
9.8805,114.818048865043,77.9408313087489
9.881,132.847900465616,58.425879414787
9.8815,143.575174389385,46.2209277085492
9.882,153.058504336252,40.9903084474274
9.8825,160.887069767318,37.3901881256686
9.883,156.096215764869,26.6306417740881
9.8835,132.588446974335,5.32778767553057
9.884,100.73079608039,-21.6621532273898
9.8845,75.8458049515423,-49.8473591573566
9.885,59.7906584719504,-81.0463939328973
9.8855,42.1625730370706,-116.702084497136
9.886,17.6987191232527,-150.539551737917
9.8865,-6.38170600669871,-174.052145560314
9.887,-22.2114797205877,-186.479748394684
9.8875,-33.0022270701734,-193.453702931777
9.888,-47.1337179112979,-197.477133789441
9.8885,-63.6484615069726,-195.868111727539
9.889,-70.904969654698,-187.97781189977
9.8895,-62.0391370194131,-178.590437868819
9.89,-46.8785008901559,-172.254111110673
9.8905,-42.9141267519851,-167.872126545326
9.891,-55.5456712802184,-160.486809220525
9.8915,-73.254697048861,-145.640280926583
9.892,-83.6834504754952,-120.911785835638
9.8925,-87.8773272703771,-86.2937532056209
9.893,-93.5730508598363,-45.273085595442
9.8935,-99.4888592784243,-3.89356670616413
9.894,-94.838990971523,33.0328742018178
9.8945,-74.3092025123231,64.156443634591
9.895,-46.2935674774657,89.892755887468
9.8955,-23.8863699572595,110.437563216751
9.896,-12.46614894401,126.235918690339
9.8965,-8.58171666521804,138.320755226597
9.897,-7.41718917783382,146.773957453294
9.8975,-8.88515565865864,150.527168117186
9.898,-18.5797525518472,150.065451536037
9.8985,-43.4467110460343,148.338111626815
9.899,-83.190386409677,146.793011240921
9.8995,-125.239179061663,142.232048949404
9.9,-152.519648287342,130.837034555026
9.9005,-157.93753899477,114.69684307703
9.901,-147.199438908177,100.521581380463
9.9015,-126.463025564883,90.8196305761351
9.902,-94.3130464629063,79.8021521989978
9.9025,-50.8587825036504,60.6708886167279
9.903,-8.29532219579803,34.7893897205442
9.9035,16.9991232612847,10.2962642734833
9.904,22.0208345946173,-7.40382576249218
9.9045,19.1358118096908,-20.0060755551125
9.905,19.9205981235444,-30.8847661561558
9.9055,24.6395092515835,-39.4038491144289
9.906,30.6790955400032,-43.0266986255444
9.9065,43.4553605256574,-42.1590873077612
9.907,70.2978589140778,-39.2221134447298
9.9075,105.054312673821,-34.1133474342952
9.908,126.949291935836,-24.5179307699989
9.9085,118.586837581128,-11.2687160930796
9.909,82.2544900328043,-0.434018420149993
9.9095,36.4489061437688,0.993914047042155
9.91,-0.19319324608371,-10.4500956071657
9.9105,-18.3775469926201,-34.4361211160768
9.911,-16.5792174519618,-67.1044628795877
9.9115,0.462016485056467,-99.5341391744906
9.912,19.4162814147841,-119.578384529031
9.9125,23.3268618849457,-119.811704214053
9.913,7.78835520839017,-103.417108816508
9.9135,-9.85474340146711,-79.510764738039
9.914,-5.86150698343702,-53.2692261312253
9.9145,23.3864983499184,-23.5853575061474
9.915,56.2178586472168,10.07017290688
9.9155,70.0734367147256,42.5718838321021
9.916,65.9877254079145,66.6602912790767
9.9165,63.876501423736,79.2038583896166
9.917,76.6779993246596,82.4120759009595
9.9175,95.7667173621132,80.7021959232927
9.918,103.06525783169,77.9555051775837
9.9185,93.290090385587,76.1601958754043
9.919,81.2832820471136,74.4799664407007
9.9195,87.9330549539133,70.0342232505038
9.92,119.312285154755,61.0262573775366
9.9205,158.492040624521,48.8466906637742
9.921,177.775198307212,36.1444567115396
9.9215,161.487919170423,23.2611367689639
9.922,119.395537088432,7.51530194910731
9.9225,77.7151776049521,-14.0396430635855
9.923,54.9927289421866,-41.1030941431259
9.9235,45.9053754206363,-68.2585005351728
9.924,29.8076003365004,-86.4685322382678
9.9245,-4.7858712951065,-88.5569021694446
9.925,-47.5776563459802,-74.9140757460559
9.9255,-81.3267361958257,-52.9357646701533
9.926,-106.122813413471,-30.1127529853366
9.9265,-141.037525872322,-9.46179843693329
9.927,-198.756359248862,7.5093450205306
9.9275,-264.900833331528,17.3338600237711
9.928,-308.909185704739,18.3089695607875
9.9285,-312.681931885676,15.3458250525063
9.929,-282.588023865539,15.097329277818
9.9295,-235.952789677884,15.7540845773238
9.93,-184.575785233007,7.25122958427364
9.9305,-132.624112515759,-16.0591408754564
9.931,-81.3587356107533,-47.2376206400807
9.9315,-29.3659811077627,-73.6401566121903
9.932,27.4548850762388,-87.4018973383666
9.9325,89.2571897598792,-85.797014680176
9.933,145.981754738839,-66.856552368372
9.9335,181.946163930531,-31.9996949231628
9.934,187.513906642489,9.08695924449645
9.9345,164.95156462681,43.9426711314357
9.935,123.907772472761,68.3932668833431
9.9355,73.2529267655596,85.8276377380471
9.936,17.2269544737814,94.7177518655744
9.9365,-41.3131881482662,84.8879134053843
9.937,-93.9651292331799,50.9135903037112
9.9375,-125.204650243998,3.73916826627774
9.938,-122.543573365131,-36.9896397299189
9.9385,-90.2856639215403,-59.4682494548695
9.939,-49.6154682203681,-64.368492256164
9.9395,-21.6755132550255,-57.1320465545128
9.94,-11.8375503434856,-42.8665055779865
9.9405,-11.5869602141926,-27.4849816099248
9.941,-11.5713180020479,-15.874071704322
9.9415,-8.61722861519278,-6.42531500649318
9.942,-2.86123983906683,7.57920805967475
9.9425,5.59510174616856,28.5820159479185
9.943,15.4112212195265,50.5003785015252
9.9435,22.2631683894396,65.9869538674659
9.944,20.660006140665,73.9955188515868
9.9445,8.75777753942304,76.7957048691772
9.945,-6.99203155207737,72.5336456914803
9.9455,-13.0051808558885,55.7584541587853
9.946,0.909570347515198,25.8378566384718
9.9465,30.5964857277246,-8.14877578401752
9.947,62.0758893763581,-33.1508063909323
9.9475,89.2009078284539,-43.5738828572525
9.948,119.293566142085,-47.0559232576264
9.9485,155.229376423986,-57.5637967333193
9.949,180.53047405939,-81.2511180644126
9.9495,175.269307446794,-110.149504330834
9.95,143.870387778378,-131.595914743246
9.9505,112.411065819956,-141.842783364287
9.951,96.086318181283,-146.588376079645
9.9515,83.3893233621372,-149.849789091565
9.952,58.1717406243368,-148.683707105742
9.9525,23.1308815641708,-139.860557471691
9.953,-9.54480036334443,-125.131953532898
9.9535,-38.9668973085964,-106.467114990975
9.954,-70.6862608472025,-81.3469484401966
9.9545,-96.8841223568066,-47.036556791739
9.955,-99.6918949708942,-5.33715455848465
9.9555,-76.1050909753843,40.909809606845
9.956,-45.1755164266026,91.2249801271576
9.9565,-26.2704861374475,141.981212071768
9.957,-22.1530798971255,181.996816018204
9.9575,-28.0780973594045,201.039597650578
9.958,-44.4944047431728,200.955919745981
9.9585,-71.342971018302,192.652728528053
9.959,-99.1115225527855,185.046945986315
9.9595,-116.645977634707,183.839228608698
9.96,-122.916039158025,197.090275268681
9.9605,-122.011781354023,230.476093268844
9.961,-111.342866373177,276.11502024939
9.9615,-85.0963196470613,316.50154927943
9.962,-47.1414864142435,342.582868648538
9.9625,-10.9743278981293,358.924040410715
9.963,13.0280109670647,367.692037750589
9.9635,23.6672523178723,357.880206757808
9.964,24.2722043579402,317.244819142763
9.9645,19.4702005644962,246.590322892303
9.965,14.9608385337415,154.012390513449
9.9655,13.1430375160636,42.3386610579028
9.966,10.4410335849195,-86.6428463316857
9.9665,5.13950890516205,-219.226859085511
9.967,3.48610776557274,-333.157418738273
9.9675,9.2524348310889,-415.573123734483
9.968,12.814369883002,-469.95337564698
9.9685,3.46764658309101,-504.312598355698
9.969,-11.6472522012614,-519.888663553684
9.9695,-17.1628345491722,-513.890258451972
9.97,-15.8461090409868,-488.026192378453
9.9705,-25.0034390666199,-451.942881422191
9.971,-43.5781417817041,-421.056419426513
9.9715,-45.2120035519929,-409.135740854738
9.972,-14.2804619301173,-415.665716703104
9.9725,30.6672787224873,-419.536010307031
9.973,62.8747180728355,-393.099878648625
9.9735,79.0872695366531,-326.479134680987
9.974,89.3366214865985,-232.958136842019
9.9745,92.6039470224427,-128.558172882182
9.975,84.7080522520239,-14.6601664691248
9.9755,77.4912849149324,113.389443163711
9.976,84.3077591547674,248.206674532436
9.9765,93.2032201803238,370.689315012032
9.977,81.3524558313842,464.815569515112
9.9775,54.9615638186755,522.706297887035
9.978,48.0628647611602,538.126714111102
9.9785,76.4063134174833,508.67299821096
9.979,115.513241483456,448.028392062767
9.9795,132.828712136535,383.547173499883
9.98,122.191186638654,331.708765362546
9.9805,96.9050597936945,282.001342534884
9.981,66.5116877788568,214.657799272767
9.9815,33.361384677139,130.594841803231
9.982,0.0388805462181646,53.4182129115653
9.9825,-31.2918758665007,3.02510280393219
9.983,-58.8021798598108,-21.3367518525995
9.9835,-74.3391588026767,-29.4416327719004
9.984,-68.4181400706416,-23.3487088301244
9.9845,-48.1048023221763,-0.185999718866548
9.985,-36.1507926415505,35.6799350147879
9.9855,-43.4085599548977,72.8044100127663
9.986,-55.2655893261987,102.207790369556
9.9865,-55.2220456309566,119.337005584064
9.987,-47.6394610039813,119.011814774071
9.9875,-44.2399611785263,96.4765886543253
9.988,-42.0387997266187,53.033459830461
9.9885,-31.9711767439277,-5.83370248481632
9.989,-19.1400536404223,-76.6161512821059
9.9895,-15.1394473938579,-154.87077083943
9.99,-16.3299405413562,-228.242849049473
9.9905,-9.68548247307966,-282.829287169865
9.991,1.12620404175754,-317.443783447098
9.9915,-6.21330912498497,-340.717836605486
9.992,-45.9893766954141,-351.472760638401
9.9925,-109.295801537417,-334.918895290355
9.993,-176.476502364968,-285.861360973547
9.9935,-231.080255228604,-224.177849402513
9.994,-260.34329285929,-175.608751180057
9.9945,-257.90500046753,-144.589572323307
9.995,-233.325962865154,-117.833452811958
9.9955,-207.888029964399,-87.6792797035145
9.996,-192.921146859467,-56.1912846362821
9.9965,-178.720831172476,-19.2566853755107
9.997,-149.72515652723,34.4623465072982
9.9975,-103.373711968651,103.022674783963
9.998,-48.3405060077527,163.268946207148
9.9985,9.04985808267585,191.992946774216
9.999,68.5417232371299,187.888055014805
9.9995,128.759130953387,168.329925254924
10,183.385320476845,153.865468645288
10.0005,225.690573927765,161.022015436371
10.001,253.453095231057,198.046719331818
10.0015,267.183205099167,255.226830440642
10.002,263.795477403009,305.382566942693
10.0025,235.109159182618,326.005089066078
10.003,178.025199176647,318.490852286531
10.0035,108.263330807165,296.384776457517
10.004,58.0824279076838,260.065359195776
10.0045,52.5785851863609,198.104689794135
10.005,87.2578076493776,113.618206365653
10.0055,131.920677809753,31.965478007509
10.006,155.695530168863,-26.8449803818025
10.0065,146.596454046974,-72.5929155249146
10.007,111.975374074173,-130.495006347851
10.0075,68.198970801522,-207.94690222028
10.008,30.6626776872305,-286.272117148505
10.0085,7.94686182686952,-343.401646208067
10.009,1.73847557799945,-374.528327732819
10.0095,10.8691817872442,-388.837405980272
10.01,31.8014676914279,-393.902480548248
10.0105,53.4401180191698,-387.887178132107
10.011,57.3785996099771,-364.689193462502
10.0115,30.7467469206563,-325.253667180368
10.012,-20.873552774034,-284.286269688979
10.0125,-76.4203362197997,-261.413217429755
10.013,-114.824566135323,-259.172026495447
10.0135,-127.940000885326,-252.322752645039
10.014,-123.859135270795,-208.846496339968
10.0145,-120.54259232312,-123.296869999722
10.015,-130.868963325694,-20.8356843458001
10.0155,-150.301128407493,73.1853847049344
10.016,-164.304792386538,156.007039935783
10.0165,-169.787109566933,235.176552388542
10.017,-180.325896731562,307.53547351233
10.0175,-206.040251355312,362.540450571906
10.018,-238.808290835713,396.547073666949
10.0185,-263.176870310309,408.906824611588
10.019,-268.427990066107,391.179097002288
10.0195,-240.614365693608,338.721494644629
10.02,-160.717876131308,270.950231786257
10.0205,-31.9116716884523,221.091710423958
10.021,101.598992220758,203.049398075877
10.0215,187.838451848907,204.351061003922
10.022,218.615712025421,212.707433313766
10.0225,229.842197328126,228.165970952214
10.023,254.351659331201,242.550435210067
10.0235,295.544964623557,231.106137946039
10.024,343.749075814116,181.532443895712
10.0245,389.221260196526,114.244565892095
10.025,412.059090302698,55.4028275645435
10.0255,386.626542510319,4.46691943717205
10.026,311.670853567449,-50.3828036177621
10.0265,218.209826017988,-97.8162217866047
10.027,134.374838109103,-112.314357838003
10.0275,58.7433794610461,-93.5450349946579
10.028,-18.8735508837977,-69.7603213446582
10.0285,-88.1531434344637,-59.5547826806038
10.029,-128.281162236686,-54.1503022270436
10.0295,-136.191077728889,-42.8293339410829
10.03,-128.258628897276,-32.7352014929081
10.0305,-121.717702250101,-33.3595407256528
10.031,-127.335925881348,-40.795084042474
10.0315,-150.302348154313,-49.8638728642743
10.032,-182.339624307644,-66.3547589576201
10.0325,-199.562179510554,-94.0953603940805
10.033,-183.224325155594,-122.34904185765
10.0335,-139.466165157426,-139.010150831353
10.034,-89.7974719885809,-145.896389240242
10.0345,-50.8582987772839,-148.049663265285
10.035,-33.4621472587954,-136.675742047096
10.0355,-47.2125128366727,-96.5534472371049
10.036,-86.7706958837855,-26.0082076082264
10.0365,-122.273148392896,60.0980672506401
10.037,-124.922295053392,141.980178450845
10.0375,-99.7483311216483,202.082284915267
10.038,-75.6621538662423,229.186417760371
10.0385,-66.8433795626325,225.138692068989
10.039,-63.1371574243234,199.076685556109
10.0395,-56.1827701940548,144.452540360627
10.04,-52.8795108660449,32.1476292552269
10.0405,-59.3035555577473,-157.332840003141
10.041,-70.2985926476485,-399.771763525217
10.0415,-81.0368351274503,-640.223989542591
10.042,-93.3756703508069,-836.197204729054
10.0425,-105.148302809847,-973.324901306045
10.043,-107.402049720897,-1044.33465908569
10.0435,-97.901092526441,-1037.21296445282
10.044,-84.2977015722491,-953.16756505366
10.0445,-69.0020597693978,-820.005111719389
10.045,-44.3100425660968,-673.436159549623
10.0455,-7.7514403699377,-528.829805240021
10.046,31.5748845097767,-377.547517586234
10.0465,68.1234880232934,-206.989470625057
10.047,107.40633766578,-19.3480235159556
10.0475,151.058537331816,167.165830440477
10.048,188.176905160336,333.546566334607
10.0485,210.263999072886,478.058187687076
10.049,221.817069125427,617.230012928544
10.0495,227.093155638438,764.360300141953
10.05,220.526678080825,910.967585348025
10.0505,201.697174680425,1039.58449596924
10.051,185.102127888841,1153.82825053987
10.0515,179.327683143296,1280.9208659995
10.052,168.963085477475,1435.22106478443
10.0525,136.47236582206,1586.70758312569
10.053,93.5007757803229,1675.73024252237
10.0535,69.1455935579445,1657.52232998684
10.054,71.065311859225,1526.59651255599
10.0545,79.9613404268092,1301.83536091001
10.055,82.6232740898936,999.968514343598
10.0555,87.6333329344248,629.220136339992
10.056,101.852675723587,201.554195549842
10.0565,111.998465232561,-259.302357599417
10.057,102.531690754038,-722.227238146827
10.0575,77.9396915628601,-1151.91240934098
10.058,53.113555001909,-1505.00776942924
10.0585,30.624418469587,-1737.05022995368
10.059,1.7250621438988,-1830.80990923087
10.0595,-35.2031675685202,-1817.30188506262
10.06,-71.185364926442,-1752.54999196842
10.0605,-100.83498023601,-1666.55317142493
10.061,-128.377519089596,-1545.36649260197
10.0615,-157.802949006936,-1368.48551492624
10.062,-186.240021291427,-1149.57667692376
10.0625,-210.220601304145,-927.131097748204
10.063,-231.364919830869,-723.569061617367
10.0635,-252.064506537225,-529.026905765375
10.064,-271.005105849325,-322.793016635985
10.0645,-286.82987404837,-96.8259667752117
10.065,-301.323141354776,142.503004767093
10.0655,-313.905077474845,382.801716427906
10.066,-316.293029040577,609.307076374335
10.0665,-298.276022279521,806.695236365576
10.067,-257.636606341086,965.312017075694
10.0675,-200.342449819321,1088.67224647049
10.068,-133.551261859418,1193.65751899373
10.0685,-64.9102925902525,1296.96058069179
10.069,-7.3871107157165,1395.0562074872
10.0695,24.9476850729645,1463.49888202592
10.07,30.8421431564436,1487.87065274124
10.0705,26.0390974695402,1488.09126469503
10.071,28.7926465193728,1487.59863936876
10.0715,45.6495584159441,1456.56943222214
10.072,75.6927495036248,1318.70702696367
10.0725,121.431966770556,1034.36654112401
10.073,184.717982687873,651.720960316585
10.0735,253.690947556594,250.089750676433
10.074,305.568428327126,-144.011840143274
10.0745,327.154177516289,-549.988238023224
10.075,326.77872170298,-961.561424047047
10.0755,322.882429802477,-1329.11055564517
10.076,325.691784702843,-1612.14369382301
10.0765,332.029995462668,-1804.54002995602
10.077,331.845587022962,-1898.00198024358
10.0775,316.111496091371,-1862.86094607246
10.078,283.445700654995,-1689.21082511801
10.0785,242.564535423021,-1420.21224957448
10.079,203.048788890933,-1120.82583072452
10.0795,160.352295447166,-827.986331307806
10.08,97.2669203482427,-543.66257995988
10.0805,7.3049745564003,-258.093311175378
10.081,-88.4989347015027,32.1910815664094
10.0815,-156.201870468929,310.469332407428
10.082,-177.797672863755,534.603108708082
10.0825,-159.859904590305,668.60731015237
10.083,-119.569238664356,728.633296171192
10.0835,-72.7061001641906,768.279842259705
10.084,-31.595882850057,803.80641850986
10.0845,-0.727787044635966,788.194122138777
10.085,27.3489080584184,684.228268480098
10.0855,59.319585786351,530.163818725443
10.086,81.5670152657788,397.671558592031
10.0865,67.717008639818,311.069767078997
10.087,13.0844019960157,249.16013736345
10.0875,-52.1959655795068,205.770410418362
10.088,-96.7366740295598,197.532347963138
10.0885,-123.700663451041,216.505875558915
10.089,-157.518917516788,223.081231232469
10.0895,-203.607403282033,193.966374220926
10.09,-242.994758389278,142.233404541418
10.0905,-266.138435754939,85.3812168812773
10.091,-288.06463059999,28.4514674458239
10.0915,-320.137946452886,-16.6721166624286
10.092,-346.171048294533,-34.6729835539067
10.0925,-343.905327624311,-42.7735016804639
10.093,-319.991999931615,-86.8705093128046
10.0935,-305.645356586358,-181.509467079733
10.094,-320.382756930122,-283.372902396012
10.0945,-354.187776274,-346.729598538233
10.095,-384.333244681708,-379.374087220835
10.0955,-396.381979038095,-418.211037968848
10.096,-387.173708145814,-471.004636137538
10.0965,-359.333265105102,-512.492853988939
10.097,-317.73163553667,-526.068953250232
10.0975,-264.542829783598,-519.645837039322
10.098,-196.020970370102,-502.681700581424
10.0985,-110.461876710174,-471.174300513098
10.099,-17.6359413670525,-419.358998523233
10.0995,70.5461235272928,-353.051687677981
10.1,159.165602205103,-289.211637068383
10.1005,266.639161049437,-247.156565062799
10.101,396.787735895604,-232.6443705775
10.1015,526.162807476977,-222.150520468352
10.102,626.233541829674,-173.825018983854
10.1025,688.315169752335,-68.9046493369236
10.103,719.519638791903,64.2875773601287
10.1035,725.157293991164,181.895076120335
10.104,705.667441221493,273.675569254878
10.1045,662.251271316007,363.576970399429
10.105,594.744347679535,464.438825991513
10.1055,502.835896146824,552.369698432872
10.106,401.885300161512,592.801050196624
10.1065,326.208263807792,578.97857040538
10.107,294.400147196979,536.11240497425
10.1075,273.573258228976,494.771166483008
10.108,203.005610403549,468.658955095756
10.1085,63.9063407612085,456.282646112434
10.109,-90.5818542316153,456.087140587291
10.1095,-188.344144466015,472.758475017437
10.11,-211.191555711701,505.734901383689
10.1105,-200.782066452307,536.179699378022
10.111,-198.368978641518,535.323960481422
10.1115,-198.754541769259,489.872027922882
10.112,-172.486145875783,413.347768230558
10.1125,-120.631855426449,328.120333741275
10.113,-86.9235849005311,241.037759253239
10.1135,-108.329454419435,140.434874877532
10.114,-166.761878286141,12.0926661911296
10.1145,-207.195203437466,-145.13476385903
10.115,-201.776608763008,-313.386716748334
10.1155,-176.997816179598,-461.71617317713
10.116,-171.67405008288,-565.032342298396
10.1165,-188.710570417335,-622.015384827038
10.117,-204.459294664257,-647.811896935587
10.1175,-208.312492167265,-646.387052782157
10.118,-207.115461540476,-601.923788291058
10.1185,-198.884374687581,-505.046674993959
10.119,-173.399986740762,-374.232816136376
10.1195,-142.532276521352,-236.499990956787
10.12,-140.699765962195,-95.211938772091
10.1205,-181.528396593508,65.6214082733088
10.121,-235.476483966329,248.058375046011
10.1215,-266.190029672708,428.148052073627
10.122,-271.344468718715,577.976348184203
10.1225,-269.544378922737,684.370772452521
10.123,-262.399883334443,742.471247991394
10.1235,-233.599217169416,746.599470095841
10.124,-179.175428395288,697.028787462462
10.1245,-116.053052891849,605.445049195603
10.125,-60.3638163207559,482.68507553471
10.1255,-15.4076081186236,327.079456270623
10.126,16.8666647543066,136.404273255407
10.1265,29.206857120593,-71.1593156750245
10.127,20.3606508699797,-261.33432846981
10.1275,2.40801362395007,-414.080205366758
10.128,-8.55275476046429,-540.063759623415
10.1285,-2.4065319912012,-657.399498688315
10.129,24.6672092120332,-758.38541484116
10.1295,69.060360755397,-815.340715717066
10.13,115.289428986305,-821.559506844695
10.1305,143.183749955729,-807.607319151603
10.131,147.356204887184,-803.286172870628
10.1315,145.076460633367,-798.543840980856
10.132,160.291449073744,-765.420686825595
10.1325,203.74308659216,-711.263868783107
10.133,270.742113231851,-678.623757458239
10.1335,350.593914495784,-684.588201139075
10.134,430.971201857835,-687.866868408701
10.1345,496.976790350651,-632.446968033888
10.135,534.313564170134,-502.227833163169
10.1355,535.489933265446,-313.859274670237
10.136,501.078792575237,-79.5471298630998
10.1365,436.675115404947,189.467530573905
10.137,352.304102825496,452.325604522592
10.1375,263.542465699687,648.895878533089
10.138,186.900682621868,750.108384470132
10.1385,128.514791581591,777.33271352782
10.139,75.9643961032054,767.015409793867
10.1395,3.86826841084869,735.640595752613
10.14,-106.582489656365,682.656999109722
10.1405,-247.199590121763,602.666325504286
10.141,-380.064760659641,481.988182426291
10.1415,-460.95973611818,304.950762133139
10.142,-474.245309352592,84.8539375962459
10.1425,-447.753874309464,-122.090755047933
10.143,-428.640599373547,-254.976009542243
10.1435,-439.131687237254,-299.853236928597
10.144,-456.563459413771,-290.369679786024
10.1445,-439.779922992738,-259.491505122785
10.145,-372.072371032459,-206.855406568644
10.1455,-272.113954173579,-119.046299928637
10.146,-166.47161283838,-7.44894723726933
10.1465,-65.4084887840649,91.4623978818586
10.147,28.9457300460923,155.038004670683
10.1475,104.810181567665,199.591233699909
10.148,146.944620888214,254.305318670726
10.1485,157.214046529607,315.500700900872
10.149,156.139291023898,344.413745444739
10.1495,163.738822104893,315.466881381827
10.15,186.601365263188,250.511037282325
10.1505,218.513329295531,192.809820399372
10.151,239.975211718513,160.010135073595
10.1515,220.855815210644,140.335592764738
10.152,144.160673245051,125.43821005131
10.1525,33.4654093029184,122.202108905583
10.153,-59.6332866129822,131.587377370599
10.1535,-104.762778902229,139.849344486063
10.154,-117.303983055834,139.566875801436
10.1545,-126.17631904885,141.202069642911
10.155,-132.450955250906,153.284401178218
10.1555,-114.764833926908,167.782341633081
10.156,-66.6950649279989,180.504403668294
10.1565,-12.3730943262108,213.777371730406
10.157,14.540741715552,297.571496827993
10.1575,-0.395103801072759,427.250522029795
10.158,-41.2858225825749,554.676901891529
10.1585,-73.9689912267119,627.56109502852
10.159,-75.0991822099242,631.593230165683
10.1595,-54.389941136206,589.667294010519
10.16,-41.1923275138653,525.513410513132
10.1605,-47.428160639834,438.521434706404
10.161,-57.9679103860364,318.125919936832
10.1615,-62.1075768483303,172.445106369388
10.162,-73.076358774808,25.6840828000711
10.1625,-101.521644993014,-114.597739949679
10.163,-129.358152721405,-268.758055135989
10.1635,-131.582867702898,-451.551395429312
10.164,-108.742350617368,-642.519354969501
10.1645,-73.8572903643311,-807.634451131803
10.165,-22.1951845045666,-938.650226683569
10.1655,55.203067118895,-1048.41562778909
10.166,138.164101320753,-1135.38662480433
10.1665,193.787813444963,-1180.69454813482
10.167,224.340779324159,-1179.02426696484
10.1675,262.331789486758,-1142.69571849935
10.168,314.338541072091,-1070.24997854921
10.1685,347.884160023901,-941.696770340333
10.169,345.175536080701,-758.041487814902
10.1695,332.104772062671,-558.769778906945
10.17,334.570785784028,-382.070826832624
10.1705,339.70438018328,-228.609614421958
10.171,324.554295445966,-81.5849092477465
10.1715,291.586270764598,59.8604035898869
10.172,244.80252093336,189.993580739423
10.1725,159.231190460666,320.014466501309
10.173,16.0469373406134,463.931743560545
10.1735,-147.202191065711,611.1187943209
10.174,-264.388398759831,738.503405314221
10.1745,-315.144541707671,841.925501350063
10.175,-333.843123735229,927.706728570897
10.1755,-345.099901573598,975.888390215383
10.176,-330.778137458514,942.257689122003
10.1765,-272.221583101807,808.438038661223
10.177,-190.227320771735,613.241454664584
10.1775,-122.110722566654,422.957084230512
10.178,-80.8710170692863,277.316404958189
10.1785,-55.6287146173844,169.040236325678
10.179,-35.6722059355027,69.1998996340153
10.1795,-15.8101493483241,-34.326384359917
10.18,10.1780438908863,-124.766540868774
10.1805,43.9832518937598,-180.732784520321
10.181,76.529257114266,-204.114281481579
10.1815,98.6595232347376,-213.412456941247
10.182,111.845297282835,-216.12350419282
10.1825,120.024887274901,-208.317777159658
10.183,119.437978247892,-200.650495914408
10.1835,105.609771712654,-215.736707100659
10.184,81.8639186523234,-249.27721451613
10.1845,52.0574647453605,-263.319388872407
10.185,14.235961429174,-236.557885824468
10.1855,-29.3037254868075,-192.749373677977
10.186,-67.1101416000289,-155.623464945173
10.1865,-96.0128579283378,-108.225683828831
10.187,-131.130752574181,-35.2821401807723
10.1875,-180.599833125251,20.8796960793421
10.188,-219.810371903783,-1.03134078258952
10.1885,-214.463748148559,-95.7841292396308
10.189,-167.828749452815,-194.967901396242
10.1895,-121.360893238616,-255.404343013734
10.19,-103.356156090481,-295.181822635674
10.1905,-99.3351047524885,-335.775941484244
10.191,-84.4158277316915,-360.87897010166
10.1915,-64.4614565071851,-354.09309957472
10.192,-64.5968053387844,-333.450998481332
10.1925,-87.2594711676289,-317.662996736971
10.193,-104.517383959389,-288.426690927799
10.1935,-93.3015518514803,-216.523498608228
10.194,-61.6408342302617,-104.790908549434
10.1945,-34.6259022482991,19.7136507508894
10.195,-26.2457778610648,139.325916278388
10.1955,-32.5425358420057,251.743748590756
10.196,-44.5776812141725,360.117628536181
10.1965,-58.3068475618878,474.697415282508
10.197,-72.5862579600814,604.264062879758
10.1975,-83.6346675250636,727.16845007698
10.198,-83.903622647566,792.579573731787
10.1985,-66.7736862720962,773.626211201802
10.199,-34.2042438160583,701.107628032605
10.1995,1.17176703652277,622.066024564777
10.2,27.8429324960576,544.220153336638
10.2005,52.7237483304718,446.906856101263
10.201,99.6986764535458,327.629801637943
10.2015,181.476307016617,205.541042068088
10.202,275.077787785747,91.4806572491378
10.2025,337.0351006223,-11.9543144131873
10.203,347.028644435619,-87.7364805354934
10.2035,327.051701535509,-115.376032192324
10.204,310.763903501208,-103.126280129632
10.2045,303.432503547803,-77.7697541822048
10.205,284.457248191354,-39.6190284225748
10.2055,242.958812709017,41.5185503438785
10.206,191.755087458097,175.305434543723
10.2065,142.854929861134,320.213170226504
10.207,88.3337147244973,418.327327612302
10.2075,18.9894960144562,446.009716527067
10.208,-50.2401238494674,418.186816858701
10.2085,-91.0279291697962,353.043336453404
10.209,-93.5217288193333,245.298951928378
10.2095,-72.6009035801118,74.4421153607732
10.21,-45.9566025340734,-163.748753673868
10.2105,-22.6420597514781,-436.312197437371
10.211,-10.8964730647457,-690.842924739632
10.2115,-14.8279560043756,-896.632277206093
10.212,-18.2661332538322,-1056.48109802756
10.2125,4.19783476731638,-1171.97142088425
10.213,46.8363484364062,-1217.22363622668
10.2135,65.6820990713645,-1167.45121642003
10.214,32.775885098463,-1039.41387585169
10.2145,-20.9981296694007,-876.099015445876
10.215,-45.8356058077746,-696.551865973424
10.2155,-43.0131416317257,-489.30413506978
10.216,-58.1101370344197,-257.026562471084
10.2165,-105.70043531302,-38.4079238522628
10.217,-142.804059326417,127.770046027704
10.2175,-133.731970306332,242.648734010929
10.218,-105.843168421414,338.258869135585
10.2185,-111.397755879274,438.05215603145
10.219,-156.096186248975,534.657972257382
10.2195,-198.155164021733,599.948590765917
10.22,-207.076162671193,612.077195366937
10.2205,-191.276395738399,576.695654821899
10.221,-169.893106620917,520.967182215594
10.2215,-146.134292176257,461.870619102244
10.222,-113.439092404577,386.594655896051
10.2225,-66.9053564256435,274.162945381731
10.223,-4.49417674218209,129.365874754464
10.2235,65.4134694264944,-18.646768864619
10.224,117.010175521885,-145.171860721424
10.2245,128.494990530672,-240.960163092925
10.225,113.19770677617,-300.807700400528
10.2255,107.502793325959,-322.71822799717
10.226,123.874223896951,-318.181312730907
10.2265,140.4200097077,-303.519905438429
10.227,143.426750288116,-278.95031257222
10.2275,149.4194862866,-232.561609720362
10.228,167.05304579191,-163.522145836466
10.2285,165.425190504534,-81.7006594139495
10.229,109.437169155419,14.1856671918987
10.2295,9.90852318581932,133.446287718465
10.23,-90.5090232019166,264.453777852527
10.2305,-169.37451208366,372.802893946652
10.231,-232.001493845359,436.673065179973
10.2315,-275.457713428222,464.028599310613
10.232,-281.728586450056,468.019469034621
10.2325,-252.239297771981,447.298901308804
10.233,-218.350023578764,400.026901088671
10.2335,-204.100512255426,334.830805596287
10.234,-199.424691202027,253.892667296955
10.2345,-182.458469227777,144.055271962776
10.235,-150.503445406175,0.504987940618915
10.2355,-115.363322015516,-154.661291669267
10.236,-81.6095748514258,-290.410512934602
10.2365,-43.4749618268474,-390.178737292231
10.237,3.83280333248869,-447.271290510999
10.2375,57.9516387521368,-454.410659223064
10.238,107.940995477784,-414.50523072786
10.2385,136.985634784918,-350.495162482391
10.239,138.928049837259,-288.352370498429
10.2395,134.137145588078,-234.708314657903
10.24,150.665060936548,-178.279914122963
10.2405,183.102988053981,-105.003055326715
10.241,191.982047580095,-7.72450316830229
10.2415,158.34926409254,106.602815921296
10.242,118.374966426291,216.268137659165
10.2425,121.785692363784,307.429294419716
10.243,169.891217790715,398.681682921067
10.2435,218.74360110288,518.476004486623
10.244,234.312367776954,651.07338023376
10.2445,219.467976559512,734.316733527955
10.245,192.531169992593,727.18221925609
10.2455,167.488764749773,652.302121298961
10.246,156.652428431618,551.795506604608
10.2465,165.646012743942,430.621415966733
10.247,177.987651711035,273.916216726094
10.2475,166.8553307974,96.0450815710851
10.248,130.458702924522,-66.7213539282316
10.2485,93.6680978518737,-201.203278279846
10.249,63.7402547837753,-319.384121651732
10.2495,9.20591997933706,-421.477922692755
10.25,-95.2365860648381,-490.57433767019
10.2505,-218.968043623172,-523.26559424345
10.251,-297.19106219791,-535.622536602668
10.2515,-298.302329917392,-536.086077270624
10.252,-248.569374243685,-516.165509879351
10.2525,-191.982703090643,-467.660119664514
10.253,-148.127942867897,-386.805116893694
10.2535,-114.333908093368,-266.86916165735
10.254,-87.3666341077781,-116.128131732747
10.2545,-67.0879366937509,18.4913112559668
10.255,-49.0158446568559,79.6050570316696
10.2555,-29.5484939294285,58.7413350929503
10.256,-16.8168159150894,-0.758063489468069
10.2565,-23.8922573231878,-66.657078442663
10.257,-49.0323382256062,-150.960404646356
10.2575,-72.2057482201285,-264.767173122234
10.258,-76.4603338439346,-370.826760514645
10.2585,-66.8958120831842,-409.794278483211
10.259,-62.5970477034201,-361.509877484684
10.2595,-73.7857010987177,-259.260930003611
10.26,-93.7357157241808,-151.270468331082
10.2605,-110.258521551558,-65.1164384822885
10.261,-115.742441682813,-4.00919256188798
10.2615,-105.76460889702,39.8478280287864
10.262,-79.0108216285592,72.4436092157298
10.2625,-43.4125969663933,92.6517632920167
10.263,-12.4800123794238,97.6398678493533
10.2635,11.5743211271849,91.1620178371777
10.264,41.2921132375033,81.0525215603159
10.2645,80.7038095157878,71.1842540698772
10.265,109.281187276842,64.9356975740841
10.2655,105.882647687615,73.7684628544962
10.266,82.905124664496,109.932681130669
10.2665,75.9590152586412,171.949368073334
10.267,98.552805529561,250.062973484473
10.2675,127.417479600202,342.068532089006
10.268,138.099902208593,444.935810606485
10.2685,133.685380228992,532.584689559717
10.269,126.438842521278,566.904032361499
10.2695,111.854409364439,537.556809891979
10.27,82.5829614247177,469.365215448354
10.2705,55.6258937838829,384.197550747124
10.271,58.9167155873229,282.258621321036
10.2715,90.4905245015846,174.086336331824
10.272,112.887902470932,101.216323300555
10.2725,95.5705577435192,96.9591071194239
10.273,48.3204327925909,143.183836090872
10.2735,3.74335167584495,193.978879279783
10.274,-23.1946375499134,231.604243248345
10.2745,-47.3821565936125,269.723916415013
10.275,-88.5876224670616,305.146832523384
10.2755,-142.7184575522,297.823185969506
10.276,-181.132231468548,209.525873882003
10.2765,-178.241004630747,45.4044315271212
10.277,-138.077002696659,-151.100855932801
10.2775,-88.7723254083266,-333.301253670219
10.278,-48.6411858960761,-477.066334077285
10.2785,-5.51389701194607,-584.286009173151
10.279,61.133586271484,-669.063429804588
10.2795,142.30682148148,-736.883415151867
10.28,197.963609725645,-776.956960706223
10.2805,197.068190242999,-779.519331171775
10.281,148.95451347624,-754.517955817459
10.2815,88.7055221980107,-720.184044875568
10.282,38.8745847937862,-675.609462695316
10.2825,-6.40290337863248,-601.107326965533
10.283,-63.6119817455009,-488.268775609773
10.2835,-135.575312578743,-352.958884199547
10.284,-206.981412167584,-212.289996754654
10.2845,-260.526401052022,-66.5960954299747
10.285,-295.82321141869,82.4021825671752
10.2855,-331.455404481925,210.725968584551
10.286,-383.919437474397,291.187701060687
10.2865,-440.631162114673,329.210329075205
10.287,-457.824534272876,359.140616452017
10.2875,-394.879679625795,401.796033442447
10.288,-255.361344322119,442.778368160282
10.2885,-89.5238555138355,460.02815077126
10.289,48.6532001796617,458.24443615433
10.2895,143.465736507592,463.98585889925
10.29,211.934965880066,494.564362831998
10.2905,264.029874868733,541.53357816263
10.291,285.270537958479,577.38910653371
10.2915,263.45286104175,568.358461449438
10.292,216.046189760817,489.553049498443
10.2925,175.279251212272,344.162991243248
10.293,153.034865617916,166.530491708748
10.2935,136.129932880605,-6.29740136023711
10.294,112.295035487717,-163.874981732058
10.2945,83.2927641817256,-311.164103472176
10.295,53.0058067408408,-434.85090217459
10.2955,22.7480284987524,-503.404504896792
10.296,4.31209226312491,-503.539827017362
10.2965,19.0854985213461,-454.833689659608
10.297,72.7031979916806,-380.142352816348
10.2975,142.76647695141,-281.800963416199
10.298,200.72624414186,-158.853790439037
10.2985,234.127506655454,-29.1644548637783
10.299,241.046674113696,81.5317874946534
10.2995,221.529559317782,159.73751883636
10.3,189.100450578719,201.615612790553
10.3005,173.42197125503,206.566446890256
10.301,190.012517367694,187.346022545609
10.3015,216.856709895678,168.746013805304
10.302,220.647775545296,158.357052762124
10.3025,197.88925260219,135.318095508455
10.303,169.834155448712,86.362306684758
10.3035,144.944532132232,32.2554918019102
10.304,111.208708029398,-6.31198257807672
10.3045,63.7944784205726,-46.8046680722274
10.305,16.5604796597541,-113.534432137248
10.3055,-16.6956154126829,-183.811762971813
10.306,-33.3476951359346,-205.360102558739
10.3065,-33.4078928721816,-158.820070292899
10.307,-20.2697281091354,-62.3306175060497
10.3075,-12.5196156732499,77.7914181681661
10.308,-33.6937438722409,269.526220846398
10.3085,-83.2278675588942,482.838227348938
10.309,-134.753699277492,645.826026820063
10.3095,-169.792851920364,711.800455524488
10.31,-197.55213177603,691.583793764963
10.3105,-235.105692551435,606.737386300461
10.311,-282.246511263544,457.475551803944
10.3115,-321.760978295115,258.004260894705
10.312,-333.194291015324,53.2147042201051
10.3125,-306.081734500971,-136.853586069536
10.313,-254.927505113491,-348.489255367578
10.3135,-219.68437797969,-606.808646253424
10.314,-230.373330303363,-858.814809948847
10.3145,-269.156716100246,-1021.86151641042
10.315,-289.177943225086,-1076.84594923159
10.3155,-272.580071994718,-1064.79093598865
10.316,-243.574544725819,-1006.7371928264
10.3165,-220.628131986805,-880.969256918165
10.317,-189.872926249938,-680.72778179688
10.3175,-140.482054430105,-448.832390632384
10.318,-93.6243746822658,-242.245552523864
10.3185,-72.3550298144286,-88.2481547093964
10.319,-67.7633389017779,20.6665694364144
10.3195,-60.0211377937986,110.054182397293
10.32,-51.270039566119,198.971071290128
10.3205,-50.9840453988062,272.953848226747
10.321,-48.0470730261212,294.345200295748
10.3215,-26.9269565699188,264.210117153795
10.322,2.74646475693243,251.670360320065
10.3225,21.5284596277388,318.592181287519
10.323,33.0277025046633,428.998094040614
10.3235,53.4072771809925,485.735628717461
10.324,79.9494706833048,454.358022881643
10.3245,100.370753546071,393.835083125604
10.325,123.23912480614,356.082810771687
10.3255,165.076408190391,315.888310997717
10.326,211.99040433736,226.50761743798
10.3265,229.215773997536,90.7387407013414
10.327,210.843536877859,-61.7890655122151
10.3275,188.849247804177,-223.474222304669
10.328,188.367244085466,-385.723926281678
10.3285,202.785673236321,-497.135014860105
10.329,218.829882568222,-499.717555154407
10.3295,238.017831294865,-397.615500488568
10.33,263.362974642991,-245.385841813231
10.3305,288.024867804168,-73.5542941617441
10.331,306.832744541316,129.424071843867
10.3315,320.322920783201,357.933767790484
10.332,322.353516065943,557.613920717593
10.3325,304.408101648616,675.118770380154
10.333,276.062956534918,712.568450808664
10.3335,257.63427104077,710.543267982524
10.334,247.147508180362,695.276725988464
10.3345,220.35448783504,666.100630517628
10.335,172.062016162631,624.077067801885
10.3355,130.45954013517,584.005940630869
10.336,116.477715963913,551.287797399807
10.3365,112.816959374735,507.319264476694
10.337,89.7919514711273,434.952104121504
10.3375,41.6074557540403,350.687073980373
10.338,-19.2531292083901,292.659357871605
10.3385,-83.7082827071924,274.904442810237
10.339,-142.948367514931,270.96982884577
10.3395,-180.114737538575,249.612349473394
10.34,-185.98926046856,207.276313327696
10.3405,-173.626248326678,149.51374150349
10.341,-163.239816334721,59.3440552567965
10.3415,-164.120276888017,-86.1554092320678
10.342,-183.224393301626,-273.158591290138
10.3425,-234.12031203131,-455.766594146286
10.343,-318.283906218684,-608.615445554039
10.3435,-410.044218993252,-749.415541583405
10.344,-478.945360814202,-900.409205904935
10.3445,-517.41482998367,-1050.16107546037
10.345,-531.237557270633,-1166.0476375356
10.3455,-517.874855162242,-1227.21049782205
10.346,-476.556408842739,-1233.83690996145
10.3465,-427.845912268641,-1198.95571147071
10.347,-395.058933418415,-1140.78095397221
10.3475,-368.522116789713,-1069.90315878727
10.348,-313.600472988019,-979.357378045556
10.3485,-218.277172680475,-864.189495313725
10.349,-113.021519722668,-750.776520255544
10.3495,-36.2036280043876,-677.100655537098
10.35,7.49825234189877,-634.694159263717
10.3505,48.1912549920916,-563.595936037122
10.351,117.561928116748,-424.112006892911
10.3515,216.496252134203,-241.845185423442
10.352,310.8578411721,-56.7192199195266
10.3525,361.647090737655,138.215118381416
10.353,363.950176651834,367.746392912785
10.3535,350.270286979518,610.172245162652
10.354,350.491817127532,811.984040937269
10.3545,359.54835165452,958.911329382134
10.355,354.078098828325,1086.81540920656
10.3555,327.41139273042,1220.7060562485
10.356,291.347401942564,1342.1390872884
10.3565,253.887141578126,1419.98218715994
10.357,216.500617475857,1434.72592448328
10.3575,188.018056272697,1366.23378126229
10.358,178.158155578727,1199.20999761055
10.3585,176.582640479592,959.475131133315
10.359,159.424847918837,713.725641602127
10.3595,121.370973032088,513.753914899058
10.36,83.9084703413685,363.393412359383
10.3605,65.9505313678793,250.78143559645
10.361,61.533160451315,179.577238143839
10.3615,53.5736053244826,145.606472457587
10.362,36.359812608456,112.187405566712
10.3625,15.5102745033192,41.7539394208761
10.363,-4.85734669824338,-61.58088684991
10.3635,-25.5708137692062,-165.890145750877
10.364,-47.0679125486794,-254.569789541722
10.3645,-66.1655699117469,-331.610299616245
10.365,-77.2528450059439,-396.936644779349
10.3655,-77.3464094466002,-444.791723368227
10.366,-72.4962887729754,-481.497988710799
10.3665,-74.5308168665538,-520.816068428445
10.367,-85.7545435454552,-564.976950468204
10.3675,-93.8656724283936,-609.985693941115
10.368,-91.6467710593352,-660.976127786228
10.3685,-93.2037567715022,-716.115412756791
10.369,-114.707206769504,-742.480795001394
10.3695,-144.489707472158,-703.535700865138
10.37,-153.036721443687,-616.436285778485
10.3705,-133.798076722125,-548.272149352392
10.371,-113.407673728861,-539.182184664625
10.3715,-115.13351870306,-555.449573844706
10.372,-131.011309756283,-537.203460256431
10.3725,-140.428346670483,-466.265079653273
10.373,-139.919937912651,-358.504682595784
10.3735,-139.852493555196,-210.372111106882
10.374,-142.203470680431,3.18800718348267
10.3745,-137.796415653736,274.818253841124
10.375,-122.31593730665,545.734410093659
10.3755,-102.823540094709,757.868258032949
10.376,-88.1835925592969,901.650664285999
10.3765,-80.55819314516,993.328475886385
10.377,-76.6628266878519,1025.55489118773
10.3775,-72.1691112606273,970.466897185115
10.378,-63.435310024972,826.961140068544
10.3785,-46.6263216979451,636.108432808704
10.379,-16.6998493955821,441.753854680985
10.3795,29.2180456945672,256.603511488425
10.38,84.2861349476912,79.121904102811
10.3805,131.781054270819,-74.8667271635954
10.381,159.425201849031,-180.373434342396
10.3815,172.669810336688,-238.259917583263
10.382,187.8882708175,-279.531659688081
10.3825,214.538238816104,-326.115108621001
10.383,249.664060333244,-359.537656884227
10.3835,284.463633843856,-340.268760780036
10.384,306.323463597821,-255.11281527926
10.3845,299.836572271213,-136.539170475161
10.385,260.671173853526,-33.3688173575969
10.3855,207.579653141685,32.4809506529956
10.386,166.22020502881,76.8431385501068
10.3865,140.244668602166,125.021562375917
10.387,112.371942568165,180.956776100821
10.3875,74.524293264555,228.244657710809
10.388,40.085633511106,254.548507119036
10.3885,22.2663397436909,263.785324927438
10.389,16.5043457756988,264.644940788917
10.3895,10.4868418954129,260.589865305356
10.39,-3.07202049236704,257.680635487476
10.3905,-29.7613660184338,269.049001828095
10.391,-73.9185895761614,296.338754335063
10.3915,-127.18654333895,312.153399962035
10.392,-170.358478431463,278.173126251889
10.3925,-195.138157520262,183.143033837991
10.393,-211.517223461679,50.0842000116851
10.3935,-227.537628349745,-96.6108270984338
10.394,-238.227765309219,-256.364784377509
10.3945,-242.716224576604,-437.576316600558
10.395,-252.573594599576,-632.491206338845
10.3955,-269.586156734385,-822.100406213906
10.396,-274.374416866241,-998.654269181332
10.3965,-255.29259263518,-1165.88856710681
10.397,-231.826246481323,-1316.97824052268
10.3975,-227.580846944495,-1428.64849115462
10.398,-233.825810471358,-1483.14737540872
10.3985,-224.133133796002,-1482.50018275724
10.399,-194.234252836241,-1430.58256283328
10.3995,-159.854648944953,-1312.85684132376
10.4,-121.920022447437,-1112.79524524514
10.4005,-65.850450583226,-846.494772769925
10.401,1.7380651368183,-560.061320892853
10.4015,45.6003418569381,-284.034396060252
10.402,43.5175492087067,-8.18049546950251
10.4025,15.5198569643808,282.572343507838
10.403,-0.460245909842606,563.11109658107
10.4035,12.7278910948818,788.258541546137
10.404,47.3437144248995,956.334090038106
10.4045,91.1435620427371,1119.39725021692
10.405,137.896423196032,1313.55514712052
10.4055,184.17405951357,1503.36303339228
10.406,226.866976441951,1621.47264009833
10.4065,262.866544691316,1650.25146855072
10.407,287.069247347688,1634.14506801008
10.4075,292.812340366352,1612.31681925055
10.408,275.592742876064,1567.37244958443
10.4085,235.095157044311,1452.02146026493
10.409,178.490991063039,1250.32376536131
10.4095,127.337317243161,1001.48068739579
10.41,111.802397038547,770.512231885934
10.4105,142.147112605253,598.754070994419
10.411,188.871801802859,473.554511295502
10.4115,209.192515000022,344.026129857172
10.412,196.087214231682,175.299374489031
10.4125,185.739822130438,-14.0963481042855
10.413,213.035270380334,-179.578252439264
10.4135,275.54106680467,-308.147466889896
10.414,346.321021294817,-426.647870126302
10.4145,404.660686951607,-554.550707021017
10.415,443.746977444014,-678.720495730778
10.4155,462.030613733948,-783.34821044526
10.416,460.071326561321,-871.610897525056
10.4165,438.584615207266,-936.764647893335
10.417,391.729365057607,-942.34559214853
10.4175,310.454059744111,-865.273390368284
10.418,197.62098161991,-740.980131185319
10.4185,68.5179423973757,-630.202418315582
10.419,-68.7289671494285,-551.006016227112
10.4195,-218.301184064491,-478.5772300365
10.42,-375.121077735593,-403.893459768793
10.4205,-517.080163890815,-349.72591978239
10.421,-631.636236769147,-324.83020670271
10.4215,-729.609615990273,-304.504985252387
10.422,-811.962307124896,-269.893255758212
10.4225,-842.695791977981,-227.40817878956
10.423,-787.33069865578,-169.32450428437
10.4235,-670.472004779086,-55.5852473881995
10.424,-560.54840171617,128.508838236794
10.4245,-494.350870625601,322.923595520117
10.425,-446.885348319772,443.742513214451
10.4255,-382.147722382785,472.793466290281
10.426,-301.365292594919,459.026074081185
10.4265,-225.067688904784,436.320661334423
10.427,-156.709150211001,380.233807090362
10.4275,-90.5970680726599,253.584950772383
10.428,-37.3237945695303,61.5567154284579
10.4285,-11.5959218191236,-152.023681033953
10.429,-2.81092412637912,-337.387720326963
10.4295,14.9427185733737,-453.983455950927
10.43,45.3225119499693,-478.483256783742
10.4305,66.2861720330308,-420.633651810199
10.431,65.3783673978726,-318.840729688934
10.4315,55.0610809986317,-203.443594565031
10.432,47.5665813655975,-76.4340708175591
10.4325,37.1019653205715,57.2827371448046
10.433,17.7957180585748,155.985850303206
10.4335,-0.0747915283150785,167.640707578368
10.434,-6.08614624272048,88.8466404116935
10.4345,-5.38505645590435,-26.6853071003984
10.435,-0.614664094498178,-123.505413312592
10.4355,28.1152722968547,-190.35173303285
10.436,101.383928492211,-246.249134045346
10.4365,203.687481956587,-301.452981854298
10.437,292.24682094194,-347.380840740183
10.4375,344.378426815065,-374.794390030999
10.438,375.419858204179,-385.629797674656
10.4385,405.359159811852,-387.127173953747
10.439,429.72454995869,-382.156424706106
10.4395,434.870602505276,-363.666794806085
10.44,423.117788142684,-313.525103453035
10.4405,405.554064212915,-212.099866354666
10.441,382.611155088929,-57.9653622341636
10.4415,349.716536530704,124.421134300048
10.442,311.89544761307,305.071906639495
10.4425,272.084117437474,473.254122660642
10.443,213.250727354517,630.374819186196
10.4435,119.856818351926,760.208939578661
10.444,18.0933017623578,825.864236709965
10.4445,-35.8005444717986,808.878452656838
10.445,-21.9139979089072,739.538246173477
10.4455,11.9631760695835,669.557735672878
10.446,6.39100691971005,614.773111902643
10.4465,-38.4920270401172,539.980068914898
10.447,-72.5968604376657,405.300775920093
10.4475,-66.3251903054589,215.976761965746
10.448,-40.9842291796956,19.2023957055404
10.4485,-28.2023665882498,-138.693052531534
10.449,-30.1139584395018,-242.107876815568
10.4495,-33.7753988072567,-301.326610418336
10.45,-41.3624744254719,-333.321727471091
10.4505,-63.6936470212622,-348.941245972534
10.451,-95.6155090488139,-347.837958587377
10.4515,-119.85056667664,-320.303919012432
10.452,-131.955150271237,-258.86444842991
10.4525,-144.09805366921,-170.690629759027
10.453,-164.918585231972,-74.2597327152897
10.4535,-190.110790369938,17.2590771186222
10.454,-212.419009961478,103.995895663796
10.4545,-227.277007860086,190.729409299491
10.455,-229.156374664848,278.20576258677
10.4555,-216.819510646761,364.77378647863
10.456,-202.062142042337,446.824293324911
10.4565,-196.916958112881,512.924678508673
10.457,-190.838714959623,548.008377735407
10.4575,-159.358742421181,551.850421772169
10.458,-99.6837526892332,544.587147215341
10.4585,-36.7623450955944,543.693286632329
10.459,14.2089637074197,543.08298207042
10.4595,67.759163839167,525.242232422292
10.46,135.759206274274,482.973471103975
10.4605,198.939902202338,412.782507736452
10.461,234.296775084167,299.109844684364
10.4615,251.093015438188,133.958343457407
10.462,269.431418701766,-49.7058489835132
10.4625,277.961605490327,-198.02104577507
10.463,249.928444624728,-301.30198912634
10.4635,194.058717807421,-409.147200916151
10.464,146.964625197323,-561.886668529916
10.4645,111.577092943451,-735.247011013624
10.465,48.5674127248292,-880.802551098903
10.4655,-54.193251437639,-995.523432616209
10.466,-147.201195903996,-1109.14010634315
10.4665,-185.770505124549,-1214.09514250659
10.467,-197.149446726416,-1256.02870010028
10.4675,-239.918382795279,-1200.27741407765
10.468,-316.580699559608,-1066.85632724344
10.4685,-371.733198445057,-887.240576016612
10.469,-370.974441045423,-668.873674326922
10.4695,-338.296764243953,-428.572417530843
10.47,-310.083184064717,-223.416659863291
10.4705,-291.020016390876,-103.667366023996
10.471,-270.404637915412,-47.6662891497526
10.4715,-250.285503778982,17.9457843931269
10.472,-234.795331230032,134.33892244678
10.4725,-211.714800793183,275.59241259132
10.473,-167.522715421277,395.558497626449
10.4735,-109.887944605582,478.00493915533
10.474,-56.8018660208291,532.541027793666
10.4745,-11.5673625052159,567.59834810901
10.475,33.8006742214795,584.076298939833
10.4755,74.964261518276,582.539002775464
10.476,92.4115527990911,563.929231208287
10.4765,74.0166241308632,529.146880287679
10.477,29.6146502519816,482.66634536402
10.4775,-18.2784240040819,429.019924074151
10.478,-49.9441172746876,363.96687081173
10.4785,-54.033045513711,279.31216686694
10.479,-26.8657998638668,178.877915327152
10.4795,27.9366064982808,80.2812191971889
10.48,100.498100718383,1.07523503741664
10.4805,177.642193415951,-45.0760302230743
10.481,247.411376377941,-41.7502044969287
10.4815,306.589747881091,18.4649332895011
10.482,367.360958532788,107.922677671646
10.4825,450.614905487559,170.331199135649
10.483,563.255666087351,170.446737538385
10.4835,681.227906378477,128.651389102518
10.484,762.286129605496,94.7773860182535
10.4845,780.263961721055,96.778423048046
10.485,744.915054171267,125.627135980774
10.4855,686.1017922371,158.870201118723
10.486,620.931374111684,181.841672207193
10.4865,539.306341682674,189.713059657574
10.487,420.443588815334,182.840676369497
10.4875,259.974990218664,159.849933257021
10.488,79.6970746985958,108.672155899761
10.4885,-87.5757388814349,12.4896391184823
10.489,-222.28691815975,-123.321251557086
10.4895,-329.958282809788,-258.253645802044
10.49,-430.451312215265,-349.248536291649
10.4905,-533.327050113028,-396.327176448353
10.491,-622.906677644874,-439.918910573017
10.4915,-672.018899575421,-509.301813488877
10.492,-672.858973727266,-586.340204475842
10.4925,-646.985000596182,-624.947215996308
10.493,-617.500225481729,-596.658856553022
10.4935,-579.148570393556,-513.251951630679
10.494,-510.439859019131,-413.668786012019
10.4945,-412.075372931329,-332.852229227766
10.495,-313.438745140697,-275.354860336325
10.4955,-235.523571828277,-215.163131705926
10.496,-166.524316702968,-127.024499670969
10.4965,-86.0833673069251,-18.6347176782743
10.497,2.56351863453639,76.0801509494772
10.4975,80.60226236429,135.108694365289
10.498,140.000397310319,168.815523182489
10.4985,182.462561326461,203.916578083491
10.499,203.754661410195,265.452595546109
10.4995,203.627750870186,378.074750605326
10.5,204.396142443285,557.317053453634
10.5005,230.049497857781,775.474746840117
10.501,264.760790890798,951.237451850448
10.5015,261.491265717401,1004.60497934828
10.502,202.190625579763,925.33514808
10.5025,124.063609906373,769.581090043142
10.503,70.9155034605339,593.78136078668
10.5035,40.6097547411247,417.599900199762
10.504,1.22906562341255,250.078801040771
10.5045,-57.4138018732812,113.113487710775
10.505,-112.861512255658,17.481378368944
10.5055,-142.256560852164,-57.2556707408198
10.506,-143.02962355439,-130.202811128954
10.5065,-124.585580177281,-183.131149230783
10.507,-98.8493677340904,-186.536639232842
10.5075,-78.4034500151613,-150.204172723644
10.508,-66.6311051074399,-115.236298741018
10.5085,-48.6642090887892,-101.161235103679
10.509,-7.64338740090159,-96.6865722179026
10.5095,48.4248064391086,-104.406266967704
10.51,91.1526155181781,-153.129324895382
10.5105,105.959945672066,-247.155954486026
10.511,106.904079372748,-336.490043928811
10.5115,112.675700444783,-366.577872329365
10.512,122.726823154479,-339.834155969964
10.5125,125.530964174312,-302.651316907777
10.513,117.575442253848,-284.395006285698
10.5135,102.403901087939,-272.958935045542
10.514,79.571519891366,-241.680197236557
10.5145,47.7296443352793,-179.00126320387
10.515,14.882895353318,-97.6909438584354
10.5155,-6.59203847257179,-31.1263429117373
10.516,-15.697022044106,-10.2860318223265
10.5165,-24.8454961614957,-27.1004299654525
10.517,-44.1012792608058,-33.8049156331587
10.5175,-69.4415022183728,0.463205103009548
10.518,-89.6584575415015,47.1232604964545
10.5185,-101.419619693809,57.2951352649078
10.519,-113.530887434769,26.7221878893954
10.5195,-134.904999453389,-13.0177787974388
10.52,-158.956718337216,-54.9233852517625
10.5205,-163.670046022381,-122.837682292111
10.521,-132.182304787088,-218.42592101673
10.5215,-73.1654148010677,-310.266456119884
10.522,-15.8250422922062,-387.470944191635
10.5225,15.3373164210502,-478.617852103721
10.523,14.7754538851349,-595.932859489942
10.5235,-13.0804556701444,-701.353109845209
10.524,-62.9163214525212,-757.548134020142
10.5245,-121.59919546464,-779.298875761466
10.525,-165.558498948583,-800.211750056113
10.5255,-180.171910470992,-814.994701996773
10.526,-175.418307450745,-792.025274245797
10.5265,-167.134782959741,-723.155420139542
10.527,-147.850472391316,-620.05342935585
10.5275,-95.916548860004,-471.740849386616
10.528,-14.3333263291798,-248.750255237042
10.5285,60.9527362557784,45.6018047091328
10.529,99.9898493856172,359.803765862604
10.5295,109.206650075036,640.481086648779
10.53,114.043954193935,875.976745133097
10.5305,129.908545457741,1087.8093290642
10.531,163.898330147461,1291.18260174599
10.5315,224.262955846645,1467.23604637644
10.532,302.06544248057,1570.41404760909
10.5325,355.452997770331,1571.14850830727
10.533,344.635767199026,1495.35999613278
10.5335,284.557413126428,1402.41052077574
10.534,235.119633137024,1311.56995514833
10.5345,230.443274006385,1175.50628146353
10.535,240.580089451089,950.405077311915
10.5355,215.24942649041,667.090496636309
10.536,146.029096290099,396.77836722313
10.5365,69.8855774527013,165.270825573627
10.537,26.2235179549481,-54.041037940477
10.5375,27.7277726745444,-271.27923006004
10.538,62.7681542485966,-456.514253148156
10.5385,106.776756919987,-593.910012416201
10.539,133.53484102433,-713.852150623153
10.5395,130.413800352434,-848.599807749512
10.54,105.625466866716,-983.421531393557
10.5405,75.8990910044016,-1069.78666863226
10.541,50.033126566978,-1068.58368501153
10.5415,26.2128757687973,-972.660556025139
10.542,-5.15163496826818,-808.88200876204
10.5425,-61.0123654638563,-624.655873233788
10.543,-152.373785846113,-450.770902865212
10.5435,-258.798396242932,-275.299473451665
10.544,-331.090075660772,-78.2144276210784
10.5445,-338.58254938297,114.413824748575
10.545,-304.38365980388,250.637706448921
10.5455,-274.062202504623,327.311066516332
10.546,-258.202448133814,392.86325138989
10.5465,-230.213743537954,459.694241254404
10.547,-176.215947793642,468.229383922514
10.5475,-117.861836157566,372.423961795435
10.548,-80.2518139457875,216.40498200515
10.5485,-62.6641676054394,83.0201793155657
10.549,-52.0309684215676,-0.20725450848264
10.5495,-45.0705072135829,-60.4545099717273
10.55,-44.0087947626083,-117.225642163043
10.5505,-46.4773768162974,-173.164251947617
10.551,-53.0291743331598,-244.608959128577
10.5515,-71.1136449179774,-341.226820328027
10.552,-97.4546955678678,-419.051031815177
10.5525,-107.434792935366,-407.029437464019
10.553,-77.3959894833186,-288.234523502015
10.5535,-12.0709147767588,-116.48699832401
10.554,60.8419738574209,49.4546469714488
10.5545,116.880898853244,189.0077616558
10.555,146.402814544251,295.855567271186
10.5555,150.181983082575,356.707603758723
10.556,138.70739680629,369.871165684139
10.5565,130.804975067628,352.186284396097
10.557,136.781704620572,313.185694557263
10.5575,142.240659000907,248.446195063939
10.558,121.665676731155,165.741056344088
10.5585,71.4256680953729,86.7300478768637
10.559,18.6938393329295,12.5240636264757
10.5595,-9.46565007728915,-81.1466369254027
10.56,-21.0355402842212,-201.801355922027
10.5605,-55.0967517285422,-323.754551832231
10.561,-139.425519866545,-427.489381955856
10.5615,-253.567432356435,-522.882512427144
10.562,-340.013364234804,-613.780375584389
10.5625,-357.432326795378,-670.975711221815
10.563,-320.190272059966,-666.720685852324
10.5635,-278.432412006481,-610.367724390877
10.564,-261.73827560421,-521.250094384788
10.5645,-253.498990943442,-389.849509716103
10.565,-221.979102169639,-202.16682279879
10.5655,-162.735462581476,10.7551854189201
10.566,-101.047474311541,186.479345702712
10.5665,-60.2290511797323,295.309340494383
10.567,-38.3934141680339,361.496160008928
10.5675,-15.7357359014246,416.322878455792
10.568,21.7288449827767,455.488846110622
10.5685,68.6999500656308,452.49553639253
10.569,112.135529312842,394.429675443624
10.5695,154.549808400785,289.450533232219
10.57,214.74736069719,148.8007262766
10.5705,296.013333583793,-21.6654004268925
10.571,365.959605245587,-208.441496252089
10.5715,390.322682919515,-378.062125134322
10.572,383.401405060064,-489.494417647448
10.5725,397.641237148152,-522.728452921743
10.573,456.429183378002,-487.387294826599
10.5735,522.760735222478,-396.828465466242
10.574,546.321108200568,-245.242804048224
10.5745,516.625859282297,-26.8446200093065
10.575,453.2902833358,229.982143081778
10.5755,370.332834214175,473.181872154079
10.576,276.457604621798,675.960221546012
10.5765,189.964429234026,852.862428821791
10.577,121.131739796163,1018.10963521325
10.5775,52.521823723853,1148.51375200015
10.578,-30.7610240420321,1201.85818265538
10.5785,-101.864647569759,1157.43526199531
10.579,-122.274035097764,1025.64638454718
10.5795,-109.529878891825,831.155973600837
10.58,-131.834735509502,601.04060764458
10.5805,-220.752584937789,360.467425513184
10.581,-324.205370391871,127.42624274056
10.5815,-369.368344287195,-85.3485083147588
10.582,-347.74183638269,-263.462293316987
10.5825,-311.191329561157,-399.281029788781
10.583,-298.317515191516,-506.81562024458
10.5835,-293.617341276238,-606.927602179499
10.584,-259.516559014917,-694.10408879233
10.5845,-188.093442967242,-743.083512420836
10.585,-112.022172857963,-753.718818561467
10.5855,-71.0324098016115,-755.290471871738
10.586,-74.9740776365881,-751.392609260922
10.5865,-102.408969094134,-698.882868897191
10.587,-131.144875253613,-570.768410913184
10.5875,-157.360027994693,-407.09513950946
10.588,-178.688052127445,-265.873464732799
10.5885,-176.118199265984,-150.436699574013
10.589,-134.60362346765,-29.1087257153896
10.5895,-73.1464854702455,95.2417821361973
10.59,-27.6112941483912,188.423495134
10.5905,-4.57778959100382,247.873518404694
10.591,20.1106981960475,307.107977225463
10.5915,54.477903976855,374.657500538724
10.592,74.8999947176246,420.40191520869
10.5925,69.7749083955155,432.20356514675
10.593,67.1538159583197,434.063652980968
10.5935,97.0690961111231,427.819781094353
10.594,151.089330637338,366.041055002992
10.5945,203.940335482299,216.716598589124
10.595,253.2369584821,18.8065828974093
10.5955,306.87588421536,-163.357437905711
10.596,345.948763670175,-313.592391264244
10.5965,335.570068153945,-452.71892707232
10.597,270.829131393328,-573.992318123165
10.5975,184.66355383645,-634.95120184216
10.598,109.264912787147,-612.629588100097
10.5985,50.8128218612939,-532.754374082834
10.599,-0.683814249982337,-439.031788780645
10.5995,-60.8976337228293,-356.940245084379
10.6,-150.213630513567,-289.717296512214
10.6005,-277.400174627206,-227.119216134614
10.601,-417.988904760507,-153.933414147723
10.6015,-528.335289143636,-70.1445357741568
10.602,-585.766075677437,-7.33870210131483
10.6025,-597.942233834194,-5.13372638658285
10.603,-573.98673903261,-64.7831022882547
10.6035,-513.155168995102,-145.934008835423
10.604,-429.422603152332,-216.750214067067
10.6045,-359.298702777136,-280.883218457454
10.605,-325.612410124906,-335.095303278558
10.6055,-309.073755523445,-327.462543058998
10.606,-273.246900278069,-201.537642398758
10.6065,-207.858655326127,18.828302249584
10.607,-133.767577811242,231.797039197716
10.6075,-74.2065472275742,363.857852587238
10.608,-34.5105549741952,442.561530523836
10.6085,-4.24388986897781,538.18743028341
10.609,31.6338396680044,663.567525860318
10.6095,80.6707804934014,773.310740395356
10.61,138.056510774995,842.178390452326
10.6105,201.498036376868,885.884338588549
10.611,290.941856715682,900.15996399466
10.6115,434.421028243676,840.612707348615
10.612,624.032889130811,694.925216171437
10.6125,803.947811885718,529.861792093456
10.613,918.772703047361,422.074387747318
10.6135,961.548402069356,368.086584073768
10.614,959.994974883379,304.404884981611
10.6145,933.339433139174,196.257226083167
10.615,886.343504856555,60.9683046371012
10.6155,831.476921429459,-83.7874368174484
10.616,783.792440459069,-243.997838458702
10.6165,734.181169494477,-417.229096008675
10.617,654.733809981804,-575.991149993606
10.6175,532.026251867732,-691.343703287806
10.618,370.347956455006,-745.490623816459
10.6185,165.229612061777,-724.049494820065
10.619,-87.6130913087439,-632.389517787589
10.6195,-345.16023453877,-520.134112939444
10.62,-519.633097553712,-447.374078481125
10.6205,-561.389034363148,-415.304503343864
10.621,-518.04089216208,-364.437231003594
10.6215,-478.865480272669,-248.714299038347
10.622,-474.873686424722,-74.5201022033739
10.6225,-468.086815780531,137.047533277278
10.623,-430.436596818048,373.26216483548
10.6235,-390.179899283153,594.26429194114
10.624,-388.612105474142,728.581184260286
10.6245,-422.668673012063,743.914202366416
10.625,-451.142367445663,683.578241108138
10.6255,-441.683594185641,593.977405194763
10.626,-396.307993434643,457.963219235769
10.6265,-342.367930956065,253.263263257168
10.627,-311.275916696367,39.6414364298914
10.6275,-316.949193141439,-89.5983918623677
10.628,-344.324904121204,-138.715553830852
10.6285,-365.2252112769,-219.851969027911
10.629,-369.954884005189,-412.738224484831
10.6295,-372.311227741374,-668.322372670417
10.63,-380.717913899798,-876.642554461613
10.6305,-383.814910753627,-981.538079598799
10.631,-374.886382923968,-991.974860132354
10.6315,-369.330319390784,-921.868343249948
10.632,-378.881108358695,-777.231393594524
10.6325,-385.83368779302,-594.529784452078
10.633,-367.112671568746,-438.286271024978
10.6335,-331.070424555302,-339.442741701644
10.634,-301.559337283561,-260.005538155
10.6345,-271.681857504957,-136.789568451196
10.635,-204.650225961737,51.4747550261071
10.6355,-83.8531401090144,271.314922471293
10.636,63.7201802696892,473.711760912217
10.6365,198.652484880309,625.961684259701
10.637,300.665771785941,709.169051400876
10.6375,366.682102722511,708.900637489303
10.638,405.502012814262,624.143951646282
10.6385,443.054242532795,479.970359819665
10.639,505.474479327628,319.616474414726
10.6395,583.513476962931,179.616412105853
10.64,638.030633357231,70.1765051722461
10.6405,653.449782971109,-24.5035167546272
10.641,657.055052876225,-123.133909313503
10.6415,666.92272712327,-214.365316701559
10.642,653.743372821044,-251.501996673093
10.6425,586.921616205538,-200.722229856744
10.643,492.411368423603,-94.5230292701992
10.6435,421.712038555068,-3.84884554611735
10.644,376.819972647094,58.6540500893391
10.6445,312.569373055719,169.816650553035
10.645,213.299357722625,394.553789824687
10.6455,121.790585189505,683.163584288782
10.646,78.6161131441873,919.274022787497
10.6465,69.112245570704,1049.62290166549
10.647,50.6013589457733,1104.0119336179
10.6475,5.72898783710767,1095.50447080624
10.648,-51.9858102095704,981.855755722137
10.6485,-104.848435627161,750.001574395872
10.649,-140.8897271447,464.032627299204
10.6495,-150.57488011326,180.382760472473
10.65,-134.311746990002,-126.55863638384
10.6505,-106.907825169429,-491.872813462129
10.651,-81.6293247308424,-854.435309429698
10.6515,-58.9414190811119,-1097.2691720119
10.652,-43.3698684933243,-1179.97093094829
10.6525,-58.9323156211866,-1168.196418931
10.653,-126.852872261853,-1135.3324555538
10.6535,-229.713074603119,-1093.40028899033
10.654,-315.525507305743,-1026.56030636488
10.6545,-344.986767210188,-935.234430882802
10.655,-330.379660485823,-821.645022901001
10.6555,-324.904383751164,-668.180476087252
10.656,-371.67142077931,-458.525752114357
10.6565,-457.956215385964,-206.828209026219
10.657,-519.71363264725,46.1823997359193
10.6575,-498.883692816295,257.475833679683
10.658,-397.179203661752,404.423715548383
10.6585,-265.350633959871,498.46859970976
10.659,-143.003969234942,571.916041847839
10.6595,-27.3426155105425,636.608167567544
10.66,95.4075096466196,666.262690987638
10.6605,211.767564667365,636.156054417347
10.661,292.048854176476,560.900153940255
10.6615,326.096687801027,467.725424387747
10.662,329.121818341809,356.757430273271
10.6625,318.039857083282,225.889323173344
10.663,296.983753609871,111.534223250125
10.6635,261.775772594683,51.3410172071971
10.664,205.66637019954,18.1737951494504
10.6645,123.764641690081,-49.9763602823204
10.665,22.5435229729285,-156.353712658568
10.6655,-76.9990651708394,-243.726793808737
10.666,-151.259828931192,-292.25224711947
10.6665,-183.789584858555,-350.159686447399
10.667,-162.776601501226,-442.344708339975
10.6675,-86.9821409608735,-511.54559178594
10.668,15.3425778393908,-488.732402422908
10.6685,93.3833331318285,-371.497242462686
10.669,119.93943958715,-192.869916021586
10.6695,118.002462192433,38.3135332140677
10.67,122.974185339546,313.432876074318
10.6705,134.973820850337,576.330614301004
10.671,133.634410024511,757.161928292438
10.6715,122.598399153305,837.988551616959
10.672,121.388416003654,840.966226922039
10.6725,119.402073574521,770.573270578576
10.673,79.6069945400948,616.413882642645
10.6735,-6.6555191728617,402.756728228591
10.674,-106.803809936863,184.645056381077
10.6745,-198.978036366744,-11.1605356469898
10.675,-297.516435794953,-205.396430004549
10.6755,-407.188395931069,-418.622001140422
10.676,-488.994025737908,-629.713114554908
10.6765,-502.700891788746,-789.232299198679
10.677,-458.779823439126,-859.148862371902
10.6775,-397.018669631556,-836.823174881407
10.678,-332.808538345842,-746.834411199888
10.6785,-256.456290965552,-605.701129702662
10.679,-169.62374303323,-398.724065037053
10.6795,-85.9797210029705,-114.264049072178
10.68,-3.06438136964128,200.126763746821
10.6805,91.1745102064407,456.016979298819
10.681,185.1102259453,612.291011571243
10.6815,249.575770755494,699.817283453525
10.682,279.705554884608,736.039826604692
10.6825,299.45462694633,675.053624013329
10.683,319.38270518135,494.256321690302
10.6835,322.3633050281,277.980835934024
10.684,302.391994946363,137.269703343424
10.6845,285.379728757385,71.7497553976701
10.685,290.518620780568,-11.1192175054069
10.6855,295.271529796454,-151.785300680438
10.686,263.669972848438,-293.633667376403
10.6865,194.495735363978,-382.645796103461
10.687,119.35950747034,-430.114918914942
10.6875,64.9640115011138,-457.937188733055
10.688,38.4812501816262,-456.810341062842
10.6885,39.3910206497499,-430.454544698592
10.689,61.4756466749247,-416.731760147872
10.6895,88.014163621642,-425.149016205131
10.69,107.324602017019,-405.542784015635
10.6905,130.278964482964,-319.304139885934
10.691,170.519383443779,-197.927802167162
10.6915,209.003539645965,-92.6677096995779
10.692,203.728103889058,-7.61825629876395
10.6925,141.278568833733,78.4422370053731
10.693,58.0616043616547,166.34853958207
10.6935,1.59540392091629,259.561319501914
10.694,-12.4585567634556,395.217463206177
10.6945,1.45553532184165,594.580349935122
10.695,21.3645011450374,801.156729506325
10.6955,24.5511707229024,919.683446546446
10.696,-8.3276529785357,910.540634360336
10.6965,-73.7999434771301,810.62131555669
10.697,-140.352368974127,674.590750039906
10.6975,-182.705225846453,529.707448829627
10.698,-213.913387404958,371.142100267304
10.6985,-262.92934404378,165.253794638497
10.699,-326.639989747242,-122.861723205866
10.6995,-370.126006791157,-463.16555265291
10.7,-376.283333759514,-741.625363522191
10.7005,-368.615558531122,-858.863679901726
10.701,-373.927585410797,-838.956493384577
10.7015,-384.993860959402,-790.370640331536
10.702,-377.84584768916,-766.5601034292
10.7025,-348.70133436728,-722.069605648011
10.703,-309.128423069353,-607.358872366111
10.7035,-252.271981636793,-442.93547906214
10.704,-152.662431566245,-279.301421132395
10.7045,-7.89994439217829,-139.11294896194
10.705,139.314003262392,-29.9179602350285
10.7055,236.77897787762,32.3539456125676
10.706,273.78678048548,52.4895652181863
10.7065,285.030404776684,75.7357883343116
10.707,307.430413188116,137.303682439458
10.7075,344.238237608318,212.971348006352
10.708,370.915284182441,257.027900254404
10.7085,363.241398646261,272.655004989257
10.709,313.046268584062,305.162643775621
10.7095,226.238106591647,372.340729572857
10.71,118.857675753799,438.803286111606
10.7105,15.1153069988227,461.585648340597
10.711,-61.3964522534579,430.315636706618
10.7115,-99.978465869097,356.171156928821
10.712,-103.339090369631,249.091437358235
10.7125,-77.4405832653621,119.839822458738
10.713,-30.2319055864694,-13.6807537327109
10.7135,18.5492479095041,-137.231447213551
10.714,41.5451849127036,-248.078103778268
10.7145,29.4607891885338,-342.240681745096
10.715,3.30504665137954,-402.024990893832
10.7155,-12.7333337046499,-405.812311394423
10.716,-23.5179034299084,-347.044129937041
10.7165,-50.8555815495469,-241.475837026254
10.717,-92.9097252523625,-124.475857281324
10.7175,-117.674234705669,-41.2280065651379
10.718,-102.786182004331,-17.1804870065015
10.7185,-64.1783299054211,-20.493012258563
10.719,-36.2720608465409,27.8269756752297
10.7195,-37.9895497019538,173.981336287973
10.72,-66.4472090613869,365.135629851889
10.7205,-107.276946078127,498.51667166588
10.721,-137.66062393834,542.929402740872
10.7215,-135.045667454256,569.448486270434
10.722,-102.703860358487,638.158671743014
10.7225,-76.7501629696977,699.603511401196
10.723,-86.4316647845781,659.862778499095
10.7235,-112.860209596019,516.077584173017
10.724,-109.211739672157,360.148942276063
10.7245,-60.2012012172843,251.048356989172
10.725,1.61865709190622,154.374938846535
10.7255,41.4590484151034,27.3780564601618
10.726,60.1065724349978,-105.994859702278
10.7265,77.3151565277215,-208.57175839126
10.727,100.920873272062,-303.429555700788
10.7275,130.495944872383,-434.929755548235
10.728,175.027236141335,-588.991852653129
10.7285,242.332439410098,-709.25514383105
10.729,315.057424182782,-771.118967522302
10.7295,358.970099364797,-787.097025644432
10.73,359.62777949543,-760.389870881637
10.7305,336.761475696922,-692.800446512307
10.731,317.449154440124,-622.427241016778
10.7315,307.173592967635,-584.987010655925
10.732,294.494666508246,-542.561450386542
10.7325,272.852036543497,-425.603797406754
10.733,243.49418379732,-256.846731661011
10.7335,199.833612452939,-156.351693920848
10.734,124.94450092321,-189.379241155393
10.7345,12.9868803613699,-271.814036754938
10.735,-114.359380521686,-270.43240909512
10.7355,-222.219090606465,-149.081156029898
10.736,-290.285019550865,28.6571587452625
10.7365,-318.82505723889,198.516407561372
10.737,-313.379212923031,344.353415941687
10.7375,-280.483432579757,476.90745752213
10.738,-240.821689091684,616.314530796316
10.7385,-226.106353583714,781.97461702558
10.739,-247.2483234768,958.478018905835
10.7395,-276.837081290944,1082.32260093911
10.74,-280.3574344151,1095.75554680856
10.7405,-257.639248237304,1002.13061608525
10.741,-234.980776849391,842.985923254192
10.7415,-222.087239615033,644.533605485731
10.742,-201.779977036699,420.346996244816
10.7425,-165.63589920463,199.80826900498
10.743,-134.272164329127,7.52869233272191
10.7435,-128.227187926909,-168.634828612608
10.744,-135.992755516246,-343.105062295965
10.7445,-127.031915910887,-481.324109359557
10.745,-85.2620627138727,-534.952925339717
10.7455,-15.4524861327693,-521.868877700968
10.746,72.316621253044,-517.880938385054
10.7465,166.594314522647,-565.113954383523
10.747,249.220162050317,-634.948528530122
10.7475,304.270461328634,-683.891775825002
10.748,331.962173738945,-694.685788476567
10.7485,341.230619022746,-652.492187833583
10.749,332.335393056531,-534.816659883466
10.7495,302.02254403164,-350.784960248827
10.75,262.108930383222,-150.624273160713
10.7505,231.139322790187,27.9907465546432
10.751,202.353463596778,189.62705578723
10.7515,140.956771652374,339.50767920414
10.752,28.3779620417672,453.483532748188
10.7525,-102.734010979038,517.843598066508
10.753,-195.027532448345,562.048597969089
10.7535,-224.733995414292,614.704289365667
10.754,-219.764556206168,652.92544940238
10.7545,-220.245831819849,633.174445036972
10.755,-235.251293690502,554.615038732027
10.7555,-244.692653022471,455.047676357618
10.756,-233.10662130414,353.82411667333
10.7565,-208.505206062349,232.190749265091
10.757,-188.404281890672,67.7523552289929
10.7575,-178.30644271303,-137.361937285598
10.758,-170.358072587791,-362.618162915207
10.7585,-157.691556365618,-584.902704972117
10.759,-141.111851121985,-787.870033860373
10.7595,-121.178148591685,-963.587330602766
10.76,-91.5832614998797,-1097.04937971967
10.7605,-46.1653811080011,-1146.28715812267
10.761,9.18597544396458,-1062.20917368381
10.7615,56.0095840398911,-845.701488490002
10.762,77.6280427938067,-564.690826781804
10.7625,76.9910520528185,-294.241283218423
10.763,81.8042450607708,-58.5770026717171
10.7635,127.133831952997,148.87733600981
10.764,224.470598425011,317.368287005743
10.7645,345.893373815004,428.010357062198
10.765,443.873586467626,494.749653464623
10.7655,488.673402679219,556.75140530829
10.766,483.329981426618,634.400793308655
10.7665,445.537787738415,721.930495972699
10.767,387.018196998955,812.711645539191
10.7675,315.372840131512,897.542802995425
10.768,245.18460083626,948.40061391358
10.7685,195.1869873046,945.547957856209
10.769,173.857952286719,918.03382893125
10.7695,169.746534324315,914.553142031804
10.77,152.345683128016,929.897750238024
10.7705,84.8429973071761,900.169227905765
10.771,-48.3850180978491,776.795742802617
10.7715,-216.348314997556,565.033960782421
10.772,-353.471240418754,283.275797195255
10.7725,-411.619465068502,-66.090725699335
10.773,-398.864432928215,-464.153751517449
10.7735,-360.555210182274,-857.19983490519
10.774,-330.792068220244,-1198.55012583819
10.7745,-312.994182714658,-1473.32080243964
10.775,-295.825639873953,-1657.27184847713
10.7755,-266.537060563459,-1694.18768140313
10.776,-212.398014975334,-1554.19951887958
10.7765,-133.316074472637,-1281.88457829124
10.777,-57.9397868802819,-943.93313766284
10.7775,-25.3304171338634,-559.548327384791
10.778,-39.8822723114738,-133.743266989553
10.7785,-62.0624120731531,267.085220142309
10.779,-57.1618559603151,543.057912810872
10.7795,-37.5689013134728,666.692203177024
10.78,-39.0224695039606,701.394640751854
10.7805,-67.325832042173,701.934845293244
10.781,-92.9164902455544,652.750880244238
10.7815,-95.8909886580255,531.554116821369
10.782,-91.192831739456,385.137349244122
10.7825,-100.05474976767,297.158080529364
10.783,-115.821897240579,302.200047606295
10.7835,-115.126323936544,366.433808977301
10.784,-93.0131298956106,437.462859929884
10.7845,-66.8205985364905,479.986309391789
10.785,-44.82698597738,472.609744800901
10.7855,-9.41513889636172,406.569706755156
10.786,59.4132611104609,294.720786149412
10.7865,155.675518755471,159.607025145301
10.787,254.144834503617,5.89743372079168
10.7875,336.582730144272,-179.873857524524
10.788,396.647073746045,-397.653254837786
10.7885,425.790982526083,-615.948426740987
10.789,416.940112685195,-790.911855540491
10.7895,385.978156261652,-892.31898315363
10.79,367.290470027289,-908.547114356945
10.7905,374.450356159915,-845.005571398527
10.791,380.835481555989,-733.599406347086
10.7915,354.414659062873,-631.240475890186
10.792,298.040159469292,-579.692666423667
10.7925,236.450669665757,-554.223204838876
10.793,175.209527659157,-468.009647985291
10.7935,98.0976257399852,-250.112646643654
10.794,2.01261840009356,75.7126798397697
10.7945,-91.1220876704539,397.074917954408
10.795,-160.900672780195,597.623593782572
10.7955,-205.498706602788,631.656030329739
10.796,-228.205713562807,529.487188994941
10.7965,-229.911326668172,361.143337363532
10.797,-223.508721502531,206.206241628707
10.7975,-232.397101273821,129.100916660907
10.798,-258.831167815038,146.475006270476
10.7985,-272.0410576296,216.678435364918
10.799,-247.064292525092,282.160247398771
10.7995,-202.464703504224,324.826755798043
10.8,-179.089843720631,364.949412104768
10.8005,-189.854560740178,410.181746839309
10.801,-211.437673011674,432.239555952135
10.8015,-221.051885552419,403.481087512053
10.802,-219.190243589632,335.985303776948
10.8025,-214.359204463602,267.49446121325
10.803,-206.421924230875,216.602172816252
10.8035,-194.372923004369,163.541736233209
10.804,-186.445389438232,73.5509351742907
10.8045,-190.711238067769,-61.437115918033
10.805,-202.480618277104,-196.768611809261
10.8055,-210.362284334488,-255.097563217372
10.806,-211.043692423281,-192.274876778872
10.8065,-210.639755125927,-46.8373632626361
10.807,-214.012815782621,97.9741795951418
10.8075,-219.763910002797,207.487586682632
10.808,-224.079790072207,320.031143115206
10.8085,-221.361628893073,459.359315189819
10.809,-200.7183529427,560.037475734007
10.8095,-152.769475073196,529.60502863709
10.81,-87.0447038203115,373.561109565745
10.8105,-33.6481913451999,202.62537502365
10.811,-14.2503584397553,101.894131366126
10.8115,-14.5802091221195,40.4098810423889
10.812,-0.629330882383285,-60.8599794329392
10.8125,38.9274082184629,-213.019091628342
10.813,86.9520984495033,-359.357062524375
10.8135,138.876404251923,-468.110892330198
10.814,220.925804164256,-564.506942196095
10.8145,345.337504200501,-664.743466380037
10.815,469.965425264483,-732.398672266834
10.8155,538.462432769665,-727.191426008335
10.816,554.419177582101,-658.710349983219
10.8165,579.757041461181,-558.809489897051
10.817,655.138764465181,-431.01724411653
10.8175,753.679577948687,-268.800841037317
10.818,822.264992548887,-104.224678535754
10.8185,837.198579531623,10.5054674706014
10.819,802.744476005798,66.5246408621772
10.8195,722.889773056869,98.9713657979833
10.82,600.043909681682,122.814520150247
10.8205,447.661728522983,115.522210439311
10.821,285.560287611298,74.7078686157895
10.8215,132.49354717311,42.8989599379472
10.822,10.321735608009,48.1572681325526
10.8225,-67.0657266874359,61.6687590518432
10.823,-122.156927541324,47.4071784238947
10.8235,-203.321871319705,17.1224300565447
10.824,-322.253631723526,-3.09095569198725
10.8245,-426.354226663909,-26.6285059482453
10.825,-462.97824713346,-76.3808635808882
10.8255,-449.816817189184,-124.312225640278
10.826,-446.022694340223,-117.244206955066
10.8265,-470.541942730234,-53.4312429658625
10.827,-491.677106463454,19.9045524433606
10.8275,-489.641793134062,81.9815348016688
10.828,-482.571686315016,157.313346158796
10.8285,-484.569557614313,254.339504276104
10.829,-479.444080214489,337.760789110901
10.8295,-450.536014295281,377.040055956009
10.83,-403.816540165142,380.208079815906
10.8305,-345.566553999982,366.593923211851
10.831,-265.757861441438,345.400833738808
10.8315,-162.392946137054,330.094121955125
10.832,-60.2130238764977,329.821355206964
10.8325,13.2225254262628,316.558173535561
10.833,54.1874098348717,249.761440859615
10.8335,73.0202579743411,145.203284405985
10.834,75.9582312315227,60.2727678724247
10.8345,70.2324816468747,-10.1173683190062
10.835,69.0659538663203,-153.289043112396
10.8355,74.8753083779994,-409.881247016725
10.836,70.4307334043728,-685.777918135223
10.8365,40.6291387735536,-850.826656657801
10.837,-8.14033134311153,-875.883443226405
10.8375,-60.1486153183496,-807.234058867702
10.838,-107.332455412223,-652.519444332191
10.8385,-143.428567355168,-381.114718386726
10.839,-156.905268532228,-22.8554218302127
10.8395,-143.034300292263,315.979626063193
10.84,-110.0288938429,542.042713445182
10.8405,-63.1097419970057,624.179455049322
10.841,0.915704031229985,564.758364497612
10.8415,72.3730583058002,394.812520945177
10.842,124.216721046782,200.313507959943
10.8425,147.939693127632,76.8255194949654
10.843,174.039916014415,35.2674103711123
10.8435,231.055519245125,10.2622065612707
10.844,297.866145489512,-26.9584484994554
10.8445,324.726463733604,-36.1676617786978
10.845,295.129966197938,-11.3650591858891
10.8455,241.095838735104,-31.1601514271538
10.846,200.424238383249,-145.352028767873
10.8465,182.979450312625,-272.087171623986
10.847,178.388149941763,-284.629190766594
10.8475,173.357659609243,-169.404649733965
10.848,157.300227716913,-24.4099339643243
10.8485,128.876824358433,84.9482151999339
10.849,100.208375060671,192.04906120383
10.8495,80.1107134888869,338.592150089812
10.85,54.225159521049,482.733076795281
10.8505,-0.815725855828735,538.969699776086
10.851,-83.8563229312964,482.510491235133
10.8515,-168.650451189837,376.202546698174
10.852,-237.461186289338,296.55613463225
10.8525,-294.326098765795,258.823938231911
10.853,-341.066762851749,226.354082308104
10.8535,-362.957001544251,178.902739835311
10.854,-349.470075081709,144.571372950126
10.8545,-311.892775322392,154.179703448639
10.855,-267.707348417235,188.140839101777
10.8555,-220.949993816422,196.577160203789
10.856,-170.003868424367,158.473326852754
10.8565,-121.779594468869,84.5982003997359
10.857,-82.6097567348017,-29.9337843250029
10.8575,-42.7052622636219,-204.398791807556
10.858,15.482682039061,-413.082982634644
10.8585,96.4517223337389,-581.331181299406
10.859,189.769085219571,-670.553151131735
10.8595,284.402796650625,-720.641950587646
10.86,372.472514925299,-769.770212290938
10.8605,440.883246620735,-779.642486868507
10.861,473.740958782002,-698.798173260337
10.8615,468.231565397922,-564.752035463568
10.862,439.012938653418,-467.015740643122
10.8625,400.549620852169,-418.458235480836
10.863,351.525513525266,-341.483821709193
10.8635,284.601735243048,-194.790421541807
10.864,206.648365117771,-41.3324260470496
10.8645,135.884397760318,42.5621955651424
10.865,75.5678370196668,66.5010272340506
10.8655,4.18416220833724,89.6876101733702
10.866,-95.3042472655319,130.351223198945
10.8665,-203.691125426305,164.291616691803
10.867,-279.643357091216,184.070911690496
10.8675,-304.288539656417,202.86640056797
10.868,-294.6915267908,213.326423090046
10.8685,-272.732012783692,197.758791310324
10.869,-243.608769510691,176.761427267632
10.8695,-212.97082582395,193.856952494466
10.87,-198.503430725999,243.10579174064
10.8705,-203.680490577714,263.803647581493
10.871,-200.439643273424,227.212972978727
10.8715,-164.460239854149,180.205063908414
10.872,-112.809668678637,171.816691802017
10.8725,-77.0882952639205,183.235159767264
10.873,-51.7516213362356,179.555656558114
10.8735,-5.54047054314003,193.591069412231
10.874,61.8270409655541,287.962445250375
10.8745,116.917017297359,444.746890140067
10.875,150.279753498711,567.61098607444
10.8755,190.700630254495,606.504431617937
10.876,243.929871721258,607.311293379643
10.8765,260.613000962695,603.957610932692
10.877,198.266001320727,533.376677987498
10.8775,85.4516350069822,325.186262656883
10.878,-11.1227069153407,30.8970161378012
10.8785,-61.9378281715629,-216.045120075987
10.879,-82.3292835220942,-350.103907312257
10.8795,-85.7911977236957,-404.598831530429
10.88,-74.7124922671365,-399.446998749977
10.8805,-70.1191884147272,-291.262680274386
10.881,-102.938274024592,-67.9486777656093
10.8815,-165.522786343553,181.933219086243
10.882,-207.823409796209,347.759440540378
10.8825,-196.624748550976,397.496015825676
10.883,-152.07049392596,352.350737463557
10.8835,-112.799437700631,208.95262035276
10.884,-91.1808477433932,-44.5220396987267
10.8845,-80.1993978208675,-354.519768089929
10.885,-81.4118563169661,-611.689111624044
10.8855,-101.799406856202,-743.243217610346
10.886,-134.163296505374,-759.446702309358
10.8865,-160.945641110884,-712.331942127789
10.887,-172.368781346161,-647.528258120655
10.8875,-167.411032613179,-596.174511526567
10.888,-144.215676340777,-574.121875567477
10.8885,-104.076163992056,-576.480334304695
10.889,-60.150272601685,-591.803130232041
10.8895,-28.4826007771421,-617.815235737488
10.89,-11.662561427613,-642.251641957838
10.8905,-0.0763575644990236,-623.412168971357
10.891,15.1773047577473,-525.058926273173
10.8915,40.442625827072,-362.392923655444
10.892,84.7271606966456,-178.712590390623
10.8925,152.311525084049,11.059142572204
10.893,229.954893814706,210.027740976323
10.8935,293.631966937011,385.942386700706
10.894,331.089338815351,489.103189355725
10.8945,349.025506136043,527.991474168291
10.895,355.630142674146,565.273675884633
10.8955,345.903170861448,622.510518564981
10.896,311.187982825289,650.055993660816
10.8965,257.539867883347,616.570445188254
10.897,205.336315684823,564.415324891583
10.8975,168.724706436117,535.786438287252
10.898,139.801056576681,504.278422133982
10.8985,97.0488241781639,435.922957362671
10.899,29.7479554413865,366.736963175551
10.8995,-48.1808648902342,348.637262384391
10.9,-110.184651603744,353.371226194098
10.9005,-141.821780384248,308.49612503116
10.901,-151.963891464856,210.299951078698
10.9015,-160.507807247081,120.084672491906
10.902,-177.006479876489,53.3454799341982
10.9025,-190.558024115954,-39.7745188511512
10.903,-179.071217663551,-164.918324683194
10.9035,-130.165740109252,-237.430740213063
10.904,-54.6467128648647,-190.350481464784
10.9045,23.4323971076753,-68.799961239734
10.905,90.8490036402792,33.0572781745556
10.9055,151.713802959395,84.2134464266042
10.906,205.353493188439,115.638233665078
10.9065,230.201031230388,146.892143825187
10.907,205.947956660219,175.838645053325
10.9075,145.901955251996,217.733312175297
10.908,86.5340322977727,284.966875186951
10.9085,43.4463845126393,326.466625523148
10.909,-0.862713715699225,249.609916404351
10.9095,-59.1233050123645,25.9992396349137
10.91,-112.914862220068,-262.54335234722
10.9105,-139.911337989811,-502.226781078728
10.911,-148.551882612755,-639.029669402171
10.9115,-164.546053557889,-677.435568132773
10.912,-196.21652469078,-633.425783150503
10.9125,-236.113174265187,-535.558617320647
10.913,-285.717294488901,-453.383273072241
10.9135,-349.20633766947,-465.321335798801
10.914,-405.748850466887,-571.964433096883
10.9145,-419.655706789572,-664.772029997432
10.915,-385.455187343157,-610.421708406669
10.9155,-335.923445457632,-371.774311636265
10.916,-293.828682665057,-40.218015403323
10.9165,-241.26974114628,248.132435502674
10.917,-154.840888762293,420.975977533427
10.9175,-49.042793028545,499.659987112525
10.918,40.6361331364626,539.182562596884
10.9185,104.187384863774,557.14481103839
10.919,159.182186400899,527.373439804281
10.9195,213.161448220913,431.181538429027
10.92,253.550612460036,294.464788950839
10.9205,278.48951773914,165.369017572052
10.921,310.720559421384,67.0492745878818
10.9215,367.18945307101,-11.7354217718534
10.922,431.43883244497,-83.5786714492953
10.9225,470.4684061633,-141.20119843649
10.923,469.486883019429,-176.338958276315
10.9235,439.30686486144,-199.49919978797
10.924,398.422348034659,-221.394667397408
10.9245,359.013158331049,-225.876859935385
10.925,323.141546272576,-186.456646011355
10.9255,280.775985392245,-109.606820279558
10.926,216.920286336475,-38.4348726986073
10.9265,131.770410986756,-7.4568453614063
10.927,47.127959160474,-13.7009521717723
10.9275,-21.753794601323,-38.615694963436
10.928,-94.6970541256871,-73.9034842510848
10.9285,-204.997628385447,-111.564367596282
10.929,-345.2949437175,-132.15081971206
10.9295,-456.546683153725,-123.757030878001
10.93,-485.580448573322,-91.8506391504892
10.9305,-441.392592952528,-27.0505913183352
10.931,-379.161006110384,109.814133382054
10.9315,-336.938823663076,328.661370246074
10.932,-305.970288860602,551.632240441704
10.9325,-261.022190723146,666.63446393727
10.933,-200.497881648816,644.23642287334
10.9335,-147.970841298194,554.643923531594
10.934,-123.441035479741,460.169581170184
10.9345,-121.52709598984,345.567281911087
10.935,-116.128348286278,180.395015225464
10.9355,-84.4139671827535,-4.43581525529298
10.936,-28.7155818539372,-150.376596128314
10.9365,25.3005324745783,-243.965019429757
10.937,54.8386825380157,-302.245740474616
10.9375,61.8140918918179,-314.02111438409
10.938,64.7365593501534,-260.142742677393
10.9385,74.954068067851,-180.613120086275
10.939,90.4691884938633,-151.609498262282
10.9395,108.461106516727,-186.180448756447
10.94,129.559365959731,-220.453408507619
10.9405,149.505544217959,-218.313178800098
10.941,160.604633438406,-227.499188001411
10.9415,163.326009384309,-293.926691363917
10.942,162.189656453553,-373.311521929089
10.9425,148.935594313575,-382.736296326949
10.943,109.867194937636,-307.736321281192
10.9435,57.2157514408473,-201.547579262534
10.944,30.2865765936002,-98.0658372907252
10.9445,47.7794735657612,12.4976862728394
10.945,76.2112129167595,123.275566575169
10.9455,67.9195512610736,187.294668040629
10.946,19.3394216610716,175.967783757607
10.9465,-31.0349600684072,121.026462012348
10.947,-53.6425024576164,74.5619865802011
10.9475,-51.2648833149653,54.5405315015891
10.948,-37.1679096340312,49.879701282019
10.9485,-19.886726697183,55.6069976312612
10.949,-12.7612474739241,79.4152249128499
10.9495,-29.4618442849316,125.58631335665
10.95,-58.9629203030375,187.69047915286
10.9505,-68.2950216210049,247.433634013507
10.951,-43.4856551249306,275.291457077986
10.9515,-8.06493498917921,251.590820195048
10.952,12.9613468515227,195.417472332835
10.9525,27.7951040011785,149.164298715041
10.953,57.8084516329796,122.145709548196
10.9535,98.5947835653931,77.4035628886781
10.954,124.043234195174,-5.63405287590611
10.9545,122.343269730671,-85.9585332052241
10.955,108.009299101945,-111.156894004988
10.9555,100.143316042207,-88.1001914093944
10.956,103.098191895505,-60.8895653543303
10.9565,106.105721753563,-34.4477067479685
10.957,90.9402913154032,25.9685442358458
10.9575,45.6438304842535,116.26457639913
10.958,-17.6683013571835,169.194565346399
10.9585,-66.7388567038903,133.384573709832
10.959,-85.401665514734,38.8564330255921
10.9595,-97.0904667694823,-45.2633155654532
10.96,-133.432088780974,-90.0640877621319
10.9605,-186.811725379723,-112.900980696705
10.961,-218.263744239026,-128.375203254518
10.9615,-210.60795260562,-134.837466927779
10.962,-187.014971893326,-143.350241821705
10.9625,-171.697141263146,-179.70789434648
10.963,-158.967789083231,-244.946790243801
10.9635,-134.546452428173,-297.60948081754
10.964,-104.616514884792,-291.17357967471
10.9645,-83.2155335386346,-219.623023264284
10.965,-65.0085737815205,-117.913615663335
10.9655,-32.6046105749579,-26.5010953241311
10.966,15.0985308452464,35.9880110288087
10.9665,60.8084441681677,72.323372378493
10.967,92.9281123692021,93.1990145128455
10.9675,115.329374721788,109.522659336939
10.968,132.688211755841,131.087881084446
10.9685,141.308460458572,160.597519514068
10.969,138.980634137764,183.930700096604
10.9695,132.463642608095,176.156325710649
10.97,128.834618442156,130.618041506855
10.9705,126.87944208808,79.6077065179584
10.971,122.998754153809,71.31404320717
10.9715,120.102834934512,122.556472138563
10.972,124.097266618226,204.935786225885
10.9725,134.444647810096,278.756386232404
10.973,144.459582173008,326.094575126951
10.9735,150.021774679902,346.452245829587
10.974,151.585582283488,337.01848517424
10.9745,145.939133998046,289.098048145431
10.975,122.619349460841,195.627519949585
10.9755,75.0778086790378,57.0278949412293
10.976,13.2683609760695,-109.437397204924
10.9765,-41.8716129060428,-265.213153351062
10.977,-77.1750397637452,-376.114087984659
10.9775,-94.7156112446402,-450.415715525996
10.978,-101.085920137812,-528.550779316489
10.9785,-99.5266245847364,-621.237348135103
10.979,-97.0881706546971,-681.831707627156
10.9795,-108.035595471967,-661.074796422846
10.98,-138.416841063543,-568.031335585896
10.9805,-172.852838351229,-451.039257782001
10.981,-188.444878713905,-336.72214088952
10.9815,-179.356469120608,-218.096612713386
10.982,-158.154954078201,-88.3687722999375
10.9825,-137.393168750099,48.1538545470405
10.983,-122.274743660754,190.50429523903
10.9835,-117.786537480565,331.439175459186
10.984,-127.123516723825,437.508449199535
10.9845,-142.047809437627,474.176654269624
10.985,-148.90774716831,452.228047403356
10.9855,-145.518589668611,417.78226101519
10.986,-138.189148488795,395.81821885856
10.9865,-122.536120499041,374.893740474759
10.987,-86.6142990453424,344.010836408487
10.9875,-37.4044439108515,303.266122596294
10.988,-2.64523977077696,235.552818647147
10.9885,5.54393005382326,116.871764250639
10.989,11.5238455458141,-28.6079336068495
10.9895,45.5875750007895,-130.130955563012
10.99,104.312353633509,-154.346768120705
10.9905,154.903689468532,-149.959493116633
10.991,169.877653940907,-178.33711960039
10.9915,147.066030455149,-233.180293904607
10.992,106.307752227657,-262.945684586507
10.9925,77.2970764134464,-243.106523547209
10.993,79.0165969707822,-187.597567661176
10.9935,99.4313580064573,-112.500696845652
10.994,106.551116190485,-29.7859912559596
10.9945,88.3001400903823,39.8511032067411
10.995,64.331120601218,88.7775665775488
10.9955,47.3299146739001,144.222147100742
10.996,18.3629231175723,228.01561764718
10.9965,-34.9704728673345,305.418351547937
10.997,-79.6628028559722,317.452704405898
10.9975,-74.6229953121403,258.756266910084
10.998,-36.6776677424506,178.47225318437
10.9985,-28.6504214358586,103.99525707696
10.999,-77.6675783965276,12.2351328597167
10.9995,-137.76066045994,-111.527369573234
11,-141.808079324997,-229.911294531763
11.0005,-66.3682163660374,-290.394873087415
11.001,58.3949484616522,-275.952390078274
11.0015,176.806056086046,-201.865228645424
11.002,241.20707318534,-91.7172148624145
11.0025,244.830032758291,23.7048198087494
11.003,228.626968669509,110.334497606986
11.0035,232.59084713596,158.194499564364
11.004,241.309291499224,189.121960412074
11.0045,211.539675170385,220.942773290819
11.005,154.516004793602,240.952150403788
11.0055,140.622782066998,228.395224708306
11.006,199.43176419819,182.868109637647
11.0065,261.886871999652,115.807957813998
11.007,243.239472966729,36.9441700094159
11.0075,152.401034528561,-33.0572798540466
11.008,72.0475288131663,-63.3577924196369
11.0085,47.9880860687636,-54.2971451837806
11.009,47.0469359820848,-56.8041802563497
11.0095,20.8890844488392,-116.765449738947
11.01,-33.2183523815488,-212.304343375445
11.0105,-83.9616872071139,-279.400840427386
11.011,-105.66017682091,-291.259802139806
11.0115,-96.3701773658974,-277.140353128644
11.012,-80.2385617940855,-266.290459371616
11.0125,-97.9023392151135,-253.059680787992
11.013,-171.568182982,-226.273521635166
11.0135,-272.733225507125,-197.200695036973
11.014,-344.244169987838,-178.951540635498
11.0145,-359.003030300307,-163.345036187341
11.015,-337.540953123861,-139.492582118318
11.0155,-306.642375984603,-116.890247804575
11.016,-268.022265587569,-107.409243465623
11.0165,-217.305754304678,-96.7855476547108
11.017,-166.850340443325,-58.5921512244307
11.0175,-130.487426111411,6.65645002239774
11.018,-102.614811643941,67.4083071296923
11.0185,-70.9793119110407,98.9478569301683
11.019,-38.9851746699103,109.620649051773
11.0195,-19.447879081054,123.713239640449
11.02,-15.2761672802865,150.494610291769
11.0205,-21.0436327641431,179.429175575561
11.021,-36.1348591422621,199.358723092093
11.0215,-61.2352588157911,211.412959268871
11.022,-85.9383176499982,222.307013880605
11.0225,-93.7445219539964,233.03733028906
11.023,-79.2267683130336,239.305747896509
11.0235,-51.2830108892102,239.129317881936
11.024,-20.6718228839492,233.413591161846
11.0245,7.90473415681793,220.121203218467
11.025,32.7024731027754,196.041539255053
11.0255,51.3866880678617,166.895150340618
11.026,61.4296381452341,147.09863660999
11.0265,60.8564358499164,142.216246379312
11.027,50.1662697900456,136.972226490896
11.0275,35.6979187110495,109.317619613253
11.028,27.3553084175876,54.2625909657154
11.0285,29.9160991771158,-12.9006549669884
11.029,40.3764607676465,-73.8600906764352
11.0295,56.1797838823962,-120.788263264605
11.03,80.1122213072619,-157.842262454452
11.0305,112.674360548797,-199.48335953814
11.031,145.402070854447,-262.017921217911
11.0315,168.235440617325,-341.387225171782
11.032,180.53619282976,-400.052113624418
11.0325,189.855290536473,-392.861534642118
11.033,202.427478708662,-310.688063803847
11.0335,218.633085082853,-186.311737486563
11.034,234.296197880967,-57.9513107420883
11.0345,242.371213939123,52.6910699159236
11.035,236.86846883701,124.496047838339
11.0355,219.042195225923,132.684447764037
11.036,195.575313651226,84.1905231815522
11.0365,166.219667624036,33.9056575486356
11.037,118.522672319022,32.136128719637
11.0375,42.8823931707412,65.501828958597
11.038,-48.2342335723237,81.8600037840072
11.0385,-122.905842470172,67.3633403985203
11.039,-153.707690538717,60.1800077913146
11.0395,-137.745828834429,83.4272481506742
11.04,-95.3394396744703,106.285058537275
11.0405,-53.0459432689894,92.1172128077476
11.041,-27.0483662993306,50.6165181440499
11.0415,-18.1870213162695,11.4658518088987
11.042,-19.5051267700008,-27.9795359259577
11.0425,-26.6162612892555,-89.1546186257823
11.043,-39.589163265123,-158.725398627519
11.0435,-57.191994010186,-191.320479487386
11.044,-74.4029520851171,-170.375992935359
11.0445,-86.5761298381968,-131.497307425837
11.045,-92.7020725962168,-112.572647509526
11.0455,-95.1441900088602,-107.579818945096
11.046,-100.856614161731,-86.6359827646183
11.0465,-120.626410510302,-41.5898666426594
11.047,-157.222159881406,8.07952745348602
11.0475,-192.546004280524,43.115624027216
11.048,-198.488491924491,60.908651058362
11.0485,-168.423885021582,70.3382412333797
11.049,-129.449079835145,83.0026306981332
11.0495,-113.581607273252,105.072676797949
11.05,-122.339518869067,129.375223036269
11.0505,-129.6610519321,141.388145360788
11.051,-115.205712082803,138.75739308557
11.0515,-82.8810357244159,135.115999323648
11.052,-48.0021230465941,138.09836912975
11.0525,-19.0067416204979,136.83502393014
11.053,4.4963635935896,121.210897053331
11.0535,24.9288823973779,99.1491520206106
11.054,43.6568496468031,81.7073281840403
11.0545,60.0117505223098,66.5938482676561
11.055,70.3697672378757,53.41735663066
11.0555,72.6366725250097,57.2370939715856
11.056,73.5742724123864,80.5790710021676
11.0565,85.7376186660902,86.3339842025019
11.057,112.790519240818,34.5778541277404
11.0575,142.151185521615,-55.6943499009053
11.058,158.104828615995,-117.033827518971
11.0585,161.303878535956,-111.950103663853
11.059,170.03257630592,-70.4402444505132
11.0595,199.506334165719,-43.1595301697096
11.06,241.779991508143,-50.5965473530118
11.0605,270.180498692346,-88.3649872169328
11.061,266.147214624956,-143.010758100704
11.0615,239.105316598211,-180.243445074059
11.062,214.015141246177,-156.086143767878
11.0625,198.94092608451,-75.3887383135125
11.063,172.761173030689,-9.97995605005063
11.0635,109.704772912883,-16.7514762414887
11.064,9.28179980832244,-59.0332018310638
11.0645,-104.821873934341,-56.0783217172318
11.065,-207.776717298348,3.81084551561685
11.0655,-283.617921147101,53.556010446466
11.066,-318.534715648496,48.0499005141791
11.0665,-304.510902797021,16.2063763768036
11.067,-255.933496013965,-2.04865756177123
11.0675,-206.848617701702,-15.3600667601485
11.068,-179.40590320123,-45.8630974323897
11.0685,-162.997129058217,-77.3728795122089
11.069,-134.400338957009,-79.5901554576948
11.0695,-90.4447433560219,-56.7876435958682
11.07,-49.3325902491197,-32.6869518771265
11.0705,-27.3386672711141,-7.38678871761694
11.071,-29.0653010933075,28.7946942016731
11.0715,-55.1183061141919,52.4708362940709
11.072,-99.5299780154816,25.3424750991277
11.0725,-138.433348699094,-43.9723582598123
11.073,-142.987472468338,-98.2296651031881
11.0735,-114.066226421031,-101.36051446882
11.074,-87.5035134710303,-74.8774601177634
11.0745,-90.5099546849596,-51.9338873546865
11.075,-106.021641274018,-29.8315672880586
11.0755,-98.5283644027042,9.06302419734431
11.076,-65.3655796768548,57.0530910320109
11.0765,-37.4402192872558,92.888915056488
11.077,-29.2970833389552,118.400774696188
11.0775,-15.4321437394645,151.316928984024
11.078,31.1177696346354,186.553507635117
11.0785,96.6394730012251,195.48875738179
11.079,143.109566406739,168.904376325663
11.0795,156.371040406436,134.746998005671
11.08,156.537840509364,120.753670551282
11.0805,162.908871932719,119.307799777927
11.081,170.587268595213,107.624860677247
11.0815,169.109573069772,90.0479873609633
11.082,166.555166792885,96.145707968543
11.0825,179.622833112685,135.6330417011
11.083,206.755213692454,174.358262947844
11.0835,226.028406452814,164.89156131246
11.084,219.88658420188,92.7960759322012
11.0845,191.077768741554,-12.8664178621705
11.085,152.713668246583,-106.439236069559
11.0855,114.551381106811,-157.340398619021
11.086,85.644897254019,-165.309377678466
11.0865,79.0004179157785,-155.336953276403
11.087,97.9837177718754,-153.104302008356
11.0875,120.49889704255,-158.256331186911
11.088,114.3265639106,-149.578291630164
11.0885,75.3569600629001,-124.810156345901
11.089,36.4463189355665,-120.757960592648
11.0895,25.6980465218962,-171.662512424026
11.09,27.4489789240463,-253.1271821857
11.0905,4.26686738546261,-294.949868172957
11.091,-47.328827788991,-257.010404020857
11.0915,-88.2089265621266,-171.771035809358
11.092,-89.9445289191002,-103.216589148111
11.0925,-73.3948579683547,-84.3541211374957
11.093,-78.137679573743,-106.561713458331
11.0935,-110.603877148316,-147.164844315758
11.094,-144.36568696324,-184.251372550395
11.0945,-162.341675423466,-197.277450253503
11.095,-173.95240098156,-178.701354311415
11.0955,-190.745064083826,-144.514249639304
11.096,-207.603881361448,-117.816029179149
11.0965,-215.189762265608,-102.879876213919
11.097,-214.953442558112,-84.4525994265548
11.0975,-213.169596355829,-45.97174865238
11.098,-210.651263644912,20.9567500044826
11.0985,-204.744248221299,114.713302123054
11.099,-192.777443630343,219.600342317273
11.0995,-169.836556343734,315.725173832521
11.1,-133.30667990007,404.52045930234
11.1005,-93.0098641394868,505.556617944
11.101,-64.6720680906081,610.318657605877
11.1015,-48.2751796548031,665.250728262705
11.102,-26.2078021671258,635.075663083446
11.1025,9.31103315054866,562.684453262102
11.103,40.3864633621557,519.44915518464
11.1035,46.434512161975,505.906374150809
11.104,32.227125095024,457.438137193002
11.1045,19.6261172833733,351.30602592594
11.105,18.7648508219387,241.808795047335
11.1055,21.0334144692735,160.680494657069
11.106,16.5878074593887,45.0464458514296
11.1065,6.95883721464215,-177.721039130875
11.107,2.41901256465492,-467.902887830008
11.1075,15.2265362379036,-698.410944160123
11.108,51.4291080244178,-789.587549179608
11.1085,101.724768094558,-763.887969327276
11.109,146.625478157132,-671.077421373185
11.1095,178.95654891551,-521.721261038683
11.11,212.471132199407,-317.550350962042
11.1105,256.662757092499,-101.295119027999
11.111,292.797652263098,62.6841805894671
11.1115,291.935257383526,141.568184709371
11.112,251.389626338053,144.916802630605
11.1125,195.940720654834,97.291200474356
11.113,146.456308993416,22.9578194438244
11.1135,105.777913759026,-50.8761107658204
11.114,73.5628846295601,-98.7304529353653
11.1145,53.4192411395021,-109.438798167523
11.115,41.2937791231521,-88.1885850123251
11.1155,25.8986056202077,-50.465107517057
11.116,7.268402285486,-18.7279116107266
11.1165,-1.28946634467959,-13.4169165305701
11.117,4.09265673714511,-33.4734314145523
11.1175,9.38025127879803,-51.2488507899836
11.118,3.9395483089258,-40.2558725807293
11.1185,-6.18039857904681,-5.80243212547102
11.119,-15.0457275695622,23.5214385495605
11.1195,-29.9669050670511,31.8675108469763
11.12,-55.4993312261304,28.7774761971308
11.1205,-79.4439580598731,25.0817750713407
11.121,-90.2188181263821,13.8833389572829
11.1215,-96.8660914136459,-14.2497474660665
11.122,-115.610903241627,-49.0494840449375
11.1225,-144.186944458339,-67.6506834405121
11.123,-164.397741854449,-59.4957545789649
11.1235,-164.510222833417,-33.0340341556001
11.124,-146.367379034115,-1.97925259913671
11.1245,-117.024128478124,22.791785741647
11.125,-87.2679869028167,32.7154969124424
11.1255,-72.4363606251582,31.4004268049448
11.126,-79.0292788412299,44.9123170685024
11.1265,-92.9582711367005,99.30200432145
11.127,-94.3484066220661,179.501460738338
11.1275,-81.37960846847,233.212904102384
11.128,-67.0563034390813,230.160054776197
11.1285,-56.7572806607975,194.363647576422
11.129,-44.6915296651286,156.836220793134
11.1295,-30.9534991955708,104.304789008203
11.13,-25.2622158719324,14.2366327716874
11.1305,-31.0275544506532,-79.4023740170759
11.131,-39.3088250892582,-113.416621202024
11.1315,-41.5965595282203,-91.0905453786036
11.132,-36.4698790753379,-88.3239264551904
11.1325,-21.1165815762158,-137.45126994475
11.133,10.7406360085475,-161.709277715578
11.1335,57.3473590364264,-76.0067815447538
11.134,105.402980637728,84.179712502581
11.1345,142.260728168212,195.584255274536
11.135,163.060322157938,193.281001891172
11.1355,164.242919134741,125.402505997667
11.136,142.118351435838,65.9483732701926
11.1365,102.749260975342,34.8771285915008
11.137,62.3503826441252,19.8440034722034
11.1375,31.5262837614202,20.4432371204467
11.138,7.64791601257923,35.0747700550496
11.1385,-12.8765030920468,39.3566031182378
11.139,-26.1193779082065,15.6154876852681
11.1395,-31.8482555122076,-15.2447926373587
11.14,-41.8981934168924,-22.0191828431673
11.1405,-64.6689415597884,-8.91057056002508
11.141,-86.4046569917867,-5.23564559237486
11.1415,-80.3525495884053,-21.1328636126979
11.142,-35.5586663014697,-41.5884788959534
11.1425,30.0970894551204,-57.8113577738345
11.143,86.2419880021118,-76.8577661667481
11.1435,115.819950725384,-100.529827677309
11.144,125.801808274072,-118.978518224289
11.1445,136.127955467741,-129.321948325595
11.145,158.921127272915,-141.164064465338
11.1455,188.393197977404,-157.434711589529
11.146,211.030349917896,-164.689928892704
11.1465,221.229437713149,-149.53517907944
11.147,221.333475931219,-114.358133574808
11.1475,210.044656541119,-70.6456749128191
11.148,180.786483900137,-23.8695207215546
11.1485,131.648768329389,29.3027877420288
11.149,67.3705392723118,90.8150011635687
11.1495,-8.67510025236045,149.37683369248
11.15,-92.4345869011202,179.75518716474
11.1505,-167.412741845069,161.893067972655
11.151,-211.013732362142,106.889748522038
11.1515,-221.888221824574,55.9771322971099
11.152,-228.323797308828,43.2546868126396
11.1525,-256.438928758714,64.0660011039741
11.153,-297.481383974757,88.5951831544859
11.1535,-318.952478684961,98.1271557430999
11.154,-303.015273063925,95.016080693934
11.1545,-262.084050150427,86.5191993243286
11.155,-219.944414923511,79.2439246122169
11.1555,-189.52903450225,85.1142852115858
11.156,-168.69107032401,107.865633698628
11.1565,-147.005006853643,120.154077296116
11.157,-113.897942596214,80.3094899395005
11.1575,-66.3424445185505,-13.4775566805322
11.158,-11.5395393203687,-104.198093239316
11.1585,38.6512369000954,-131.090092611058
11.159,74.1462125757747,-96.4496038856252
11.1595,88.9042043236273,-61.9644186077681
11.16,85.5732878432951,-81.2133549413369
11.1605,80.5842434755781,-146.87170685477
11.161,92.8497917556819,-202.93964519587
11.1615,119.537432619299,-200.197215589442
11.162,134.468945850839,-140.109905159152
11.1625,121.888856301288,-70.6045899018599
11.163,100.763310381494,-39.9631880086162
11.1635,99.9725106320439,-54.1366402205099
11.164,118.170898408834,-80.3269531934483
11.1645,127.516534568611,-86.5689705984192
11.165,112.491700632222,-66.4199232579669
11.1655,84.1515365449491,-28.4159901794068
11.166,56.9449798827067,17.4144044440235
11.1665,33.842090757013,54.5636611160003
11.167,18.4868657745052,62.2830692756175
11.1675,19.9761382077844,40.0741694009174
11.168,35.6180514507833,17.1030911142736
11.1685,46.6134642306905,20.3732121102433
11.169,42.2796647062982,44.1478505877654
11.1695,33.672578715956,65.991568797017
11.17,31.6840385493585,77.2557038617397
11.1705,27.0641830464058,75.2904270535391
11.171,8.07270863598249,42.7663566489353
11.1715,-14.0372335866015,-29.4939892366007
11.172,-16.2626849041546,-105.808378968494
11.1725,4.84076240977865,-132.28525209396
11.173,29.8897469406066,-104.432986676967
11.1735,42.0003771602756,-68.5015918805535
11.174,40.2182192365618,-46.2286847153183
11.1745,29.1546742365288,-4.62512051402606
11.175,11.2381048476037,75.0430347829554
11.1755,-7.27151004130551,144.653035403798
11.176,-14.903348311316,149.993946953683
11.1765,-5.52936587563954,112.679961162524
11.177,15.847926673907,99.1912393870192
11.1775,39.6382922591319,126.583680367052
11.178,57.8085967499011,155.387052616743
11.1785,63.7966665480881,168.365204577325
11.179,54.8413438765045,192.327132716478
11.1795,36.2111319620237,230.635349170725
11.18,16.0215539397112,236.731526267245
11.1805,-5.27724221602889,184.935277566826
11.181,-32.7964155161173,115.763528160838
11.1815,-63.7522068549114,70.4704926828593
11.182,-85.3686775117485,23.9891099253583
11.1825,-89.9033459759758,-65.7173235547461
11.183,-83.9806762832757,-173.78786569719
11.1835,-78.2941918072565,-235.148560769137
11.184,-74.2659336250958,-239.44084909294
11.1845,-65.432754927778,-234.870048776499
11.185,-46.5257068641117,-237.367789531015
11.1855,-17.1100815841768,-203.106859504634
11.186,17.7721147445634,-113.162503200037
11.1865,45.8595853256268,-25.9551406912348
11.187,53.038942613502,-3.80923562623448
11.1875,37.2844870850836,-27.4889307068808
11.188,12.855029716911,-31.4622438897977
11.1885,-5.57599927836016,0.281214049606698
11.189,-18.2279446919155,23.2966588860597
11.1895,-32.7788518736996,7.12428400597997
11.19,-47.4497102664718,-28.3056476878584
11.1905,-52.5942542853984,-55.0664051233581
11.191,-47.2783397499515,-73.1503189008178
11.1915,-42.6513205083763,-87.9634421470547
11.192,-47.2478134915999,-85.475544578696
11.1925,-59.145725012439,-54.548955761289
11.193,-75.1986220944652,-14.1281222535668
11.1935,-96.6760810552341,7.2679853910639
11.194,-119.348928601611,10.3534648275941
11.1945,-127.97963658474,22.1353439288011
11.195,-111.168997503333,57.4409487504805
11.1955,-76.8750531082696,101.821815205996
11.196,-43.876323178833,134.408616758704
11.1965,-21.1287436636955,152.022579946198
11.197,-4.47162957534217,163.452448834196
11.1975,9.71835332634295,170.186746166194
11.198,19.4513783324454,163.523785875582
11.1985,25.8312426959334,138.123011036696
11.199,34.6909620831992,99.4347427579221
11.1995,45.3981314578827,56.2993836790881
11.2,48.0813939137716,13.9110753987363
11.2005,38.3591206388879,-21.1814013662979
11.201,27.3296370204581,-36.9207651716775
11.2015,29.8936291855103,-28.4581316503478
11.202,48.2291135736662,-13.2716994409844
11.2025,72.2642228052306,-18.4650023135493
11.203,90.4470754537652,-47.00580061743
11.2035,93.9880021615582,-70.8880331523333
11.204,78.1335323176011,-70.4306181440137
11.2045,49.323398393113,-68.644412830608
11.205,25.9901074029286,-106.384862475107
11.2055,20.8115557062729,-185.918532910055
11.206,24.7342379254924,-259.512685520992
11.2065,19.5404663997279,-279.438617981539
11.207,3.32144559601622,-244.887069613128
11.2075,-10.1946634307676,-194.364038552663
11.208,-16.3188922261445,-165.479121631677
11.2085,-25.8012789354782,-167.600212925645
11.209,-42.0724331395367,-178.245831854031
11.2095,-49.9517092896001,-156.224030905589
11.21,-37.8405914646288,-72.6575106258096
11.2105,-16.4479739767351,55.8993171216873
11.211,-0.845366849111852,172.817656535326
11.2115,14.3773813673666,232.200753612841
11.212,43.521687923387,238.684069649817
11.2125,80.2525203915696,228.973802822426
11.213,100.695688587915,226.610091499598
11.2135,95.778661628774,229.305713218121
11.214,80.6026787737724,228.060245102324
11.2145,67.7952615987297,216.717691934609
11.215,51.5584205096694,188.928812839824
11.2155,27.9784011197261,148.222626857569
11.216,12.8931449710659,116.575025465324
11.2165,22.1422431055919,106.721734227473
11.217,44.7047452027856,87.3808746514374
11.2175,55.1994083849127,9.75316744816897
11.218,49.6403288664129,-119.997787386254
11.2185,49.3694219457835,-226.224969002486
11.219,66.7498577970977,-243.577317659265
11.2195,85.3042312722067,-187.904123137106
11.22,84.3308870007791,-123.097152835538
11.2205,70.4637873965281,-79.2807317290725
11.221,68.9350167430694,-38.2911198447
11.2215,86.5482373010238,12.7480783593705
11.222,97.8000140749711,56.7276844905181
11.2225,72.6073061626982,81.2658231143177
11.223,10.0010013054305,101.118092528298
11.2235,-61.4808996612187,127.418194694272
11.224,-112.676418652899,139.020847222193
11.2245,-137.117151965852,106.641457462149
11.225,-147.514009654701,33.7866720628767
11.2255,-156.784526337688,-42.3580563657661
11.226,-167.326777416119,-82.8551434364867
11.2265,-176.537558140791,-70.8841029721744
11.227,-186.091840735752,-18.1790953396737
11.2275,-200.574503495167,37.8096044003087
11.228,-217.439746991144,55.3331517431982
11.2285,-223.714311492074,24.9935915999979
11.229,-207.44172175023,-20.4388913044729
11.2295,-171.723720194319,-44.7235988839799
11.23,-133.249030265802,-45.7166942777158
11.2305,-105.894847927441,-39.087834700466
11.231,-89.3031580681364,-20.8319735533454
11.2315,-74.7832840374326,23.8518157182554
11.232,-56.8904362214032,79.2855865725129
11.2325,-33.9785744761896,102.42374775419
11.233,-1.41345771845627,77.4368278755414
11.2335,46.662066183177,37.7272885392496
11.234,106.996515726436,15.8040826134051
11.2345,165.170356318996,-4.21773762510127
11.235,207.211545848976,-58.3817031810688
11.2355,229.157973994874,-142.272932636656
11.236,233.383522864649,-207.685760691137
11.2365,222.042420813444,-216.192811545025
11.237,199.112841766831,-171.508313538567
11.2375,173.205859096746,-99.0327868911257
11.238,150.606591052571,-19.499972778694
11.2385,128.12121878223,48.6211964540946
11.239,100.178750895529,84.0882163912877
11.2395,71.1144505751545,79.9583562034294
11.24,51.6561905507363,56.5928957443808
11.2405,42.7800791510337,41.3858637804263
11.241,32.1819889701035,38.3787901353162
11.2415,10.3008011320147,29.7725089506521
11.242,-17.4342224882879,5.29861285945067
11.2425,-38.8421003620325,-22.576773327754
11.243,-49.365875195726,-35.000750322543
11.2435,-53.2620768895521,-28.0793169867203
11.244,-56.3970916917929,-12.7626259776774
11.2445,-64.5163222796199,-0.871871479036769
11.245,-83.6688221161754,1.23139660525014
11.2455,-113.292106375802,-10.7430439242864
11.246,-140.562105677314,-38.4385999388647
11.2465,-150.529607652833,-74.1067827109255
11.247,-142.703450341024,-101.40190302051
11.2475,-130.002277198718,-108.745123426717
11.248,-119.993422582058,-99.0998289771491
11.2485,-105.621948353223,-81.8371418493685
11.249,-78.3342986335266,-58.4562341211922
11.2495,-42.1837435201374,-23.9706346757183
11.25,-7.61421661408249,19.0328729467323
11.2505,23.2120128964321,57.8751590447612
11.251,55.4502210359729,84.1013580365239
11.2515,87.8147961903173,100.713719295298
11.252,109.744710677316,109.845883584454
11.2525,114.709965699338,103.415790913079
11.253,108.323984901919,76.1087560087384
11.2535,98.2944701371912,40.0430542751705
11.254,82.2801864136337,13.0147811277785
11.2545,53.0256745482461,-4.55284902731996
11.255,13.3078103564078,-26.6748217828992
11.2555,-21.6443017201327,-55.8795480934949
11.256,-38.0647739454427,-75.1668191132584
11.2565,-35.4211509572262,-70.4778035937032
11.257,-23.1735752737746,-48.769608920473
11.2575,-10.5994065306563,-27.2488253385637
11.258,-2.51866045089157,-14.9169140428249
11.2585,-0.804778601022949,-11.3087729620235
11.259,-4.84501431510042,-12.8344706140313
11.2595,-11.1096794453909,-11.4904945475531
11.26,-15.9797059348212,3.4526706422057
11.2605,-19.149832850563,32.3805437099418
11.261,-21.5167208268762,61.7729962975346
11.2615,-20.1840549507036,83.1765949065812
11.262,-9.70606641006064,105.410358099895
11.2625,10.217949036939,134.396556458313
11.263,32.1015104115217,152.541936896735
11.2635,49.1744095366973,140.935855844367
11.264,64.3409190136777,117.45591603572
11.2645,85.9021130160445,124.430783899023
11.265,113.822590775555,170.59459658371
11.2655,134.596773336081,210.381301510661
11.266,132.924955699739,197.483042708864
11.2665,106.728700742794,140.494563833321
11.267,67.8107569044416,84.4091096433838
11.2675,29.3493977332024,50.4843120719294
11.268,-2.76235603314991,22.0832015062185
11.2685,-26.3797495699107,-13.2541862664955
11.269,-38.2511494398782,-39.4505283816783
11.2695,-39.2578901366133,-43.9772463798724
11.27,-41.8959171039969,-53.0598797054205
11.2705,-63.3199957762109,-109.228754551669
11.271,-105.696381145189,-214.032188631391
11.2715,-147.090823881427,-310.532400703025
11.272,-158.293674556406,-332.346063542087
11.2725,-130.474114086221,-266.170315479301
11.273,-83.7975655342723,-160.591753698996
11.2735,-47.3485046780069,-75.1504974193372
11.274,-31.9968674510716,-27.2548522735079
11.2745,-24.5038631149055,7.68995519638421
11.275,-6.9677128300022,50.9586811609819
11.2755,21.8977064578968,89.8093495739934
11.276,47.6964935948015,98.6633509285673
11.2765,60.0326609452684,79.1804972848893
11.277,64.1441163948832,60.5445849137289
11.2775,68.9247785516762,57.228305905925
11.278,68.9613624993781,43.0599737893264
11.2785,47.9499109277508,-19.7720010354175
11.279,0.884791336145526,-132.769361019276
11.2795,-55.5924513886388,-254.819426012087
11.28,-99.4772783102015,-341.258929997688
11.2805,-124.054816703917,-376.632666904143
11.281,-137.051498004716,-368.556163533976
11.2815,-144.9934000495,-326.233958923984
11.282,-146.883656343907,-258.046942664791
11.2825,-141.041162070924,-182.316418594807
11.283,-128.849284626893,-122.153745913809
11.2835,-109.923869163371,-83.1984677808969
11.284,-80.4187748622757,-45.158708799048
11.2845,-39.1659208193759,16.8531233759698
11.285,8.94191983889234,105.617154337378
11.2855,57.8039705751968,200.918861289192
11.286,104.202884627672,280.664536136832
11.2865,145.252960759433,335.195345064576
11.287,176.444733404655,363.170982809138
11.2875,195.360831028844,364.98767821738
11.288,204.043419407932,346.450678574883
11.2885,204.997375669131,322.955385737483
11.289,197.845753980098,311.355760976641
11.2895,182.073083056583,315.092962611447
11.29,159.176455734252,317.590076861954
11.2905,129.121544301166,290.241882973669
11.291,89.2605390630844,212.21946911215
11.2915,42.2931957952537,93.5547074097768
11.292,2.52344822774707,-18.1560755908949
11.2925,-13.2139271272721,-66.7988520187633
11.293,-2.91058733525775,-37.3968062211506
11.2935,16.0249030770591,25.3678120082374
11.294,21.6277849268733,58.2229810768383
11.2945,5.45783361645793,37.8330902612587
11.295,-24.32531611967,-9.41217888947181
11.2955,-55.0295914736206,-50.2341130641328
11.296,-81.595076966712,-79.8368717623529
11.2965,-106.132208038534,-111.074167726715
11.297,-127.520595937403,-145.525047821508
11.2975,-136.001772678878,-169.094583826962
11.298,-121.933660533156,-170.204681924717
11.2985,-88.6322088416048,-151.287074147244
11.299,-51.7068048680572,-124.07122003333
11.2995,-24.6341295397496,-100.73562993486
11.3,-8.96764387846018,-88.1104871274129
11.3005,0.521751618377495,-84.790057726865
11.301,7.23421434631891,-84.6284425189428
11.3015,13.0234007005624,-85.6538295387687
11.302,21.3171508603853,-91.8631027405944
11.3025,33.0318801007082,-103.171951243349
11.303,41.5273025808195,-109.704352845618
11.3035,37.7713558252692,-102.608693732798
11.304,19.9111204144844,-86.399313250896
11.3045,-6.85480043234452,-73.5064214275261
11.305,-38.1081160010658,-69.4725766556411
11.3055,-71.7846197278158,-70.4528687730737
11.306,-102.672429799904,-72.7494769411639
11.3065,-122.547438432916,-76.7170689698133
11.307,-127.79227692966,-81.4322650639234
11.3075,-121.615231321197,-82.3849205851805
11.308,-107.034769997853,-75.687645258959
11.3085,-83.3034160032654,-60.4951793613422
11.309,-51.9917589870604,-37.9176470935531
11.3095,-20.7819734583335,-11.7258190547306
11.31,3.95708048927904,11.571153473045
11.3105,24.9865431361394,28.8601913482356
11.311,49.1741507160483,46.0018209238322
11.3115,75.9036612183866,72.1000038101277
11.312,95.0949296219101,107.916850390829
11.3125,97.0617751374793,143.363865535485
11.313,81.5382116353337,165.585364774502
11.3135,57.0711054971648,166.91887553777
11.314,34.1994005924724,148.279725392661
11.3145,19.5867252924768,119.940183540112
11.315,14.353655633603,97.1329170215766
11.3155,16.1456592220181,89.8222742058503
11.316,21.9953072635901,96.4625183679704
11.3165,28.2470048194135,107.124841607249
11.317,28.1366239251681,106.293145756382
11.3175,13.1659545838233,72.559909997229
11.318,-18.9456471645073,-8.49362333887494
11.3185,-57.682324822245,-118.204529380136
11.319,-84.8703179898851,-203.245830605596
11.3195,-89.1439001621571,-220.505717375282
11.32,-74.8380418743818,-181.941953017897
11.3205,-55.690440321137,-138.190627066043
11.321,-41.330325127555,-119.522191984094
11.3215,-31.9627492123753,-112.672557844869
11.322,-24.4936834753732,-96.7436887388482
11.3225,-18.6700536166983,-75.9616724168984
11.323,-15.0574236789698,-63.2741069421251
11.3235,-11.56756056512,-51.6583637525429
11.324,-7.00605840103993,-23.2719874675148
11.3245,-5.2048256238491,21.3965795717677
11.325,-8.6609469776293,62.8727648082807
11.3255,-8.88626545572191,88.9011615156455
11.326,8.01022891007825,105.827917980985
11.3265,43.3556333312755,123.916116326482
11.327,82.1462466612206,145.514248413137
11.3275,112.142642185045,170.960141119885
11.328,137.323760830467,203.447997848175
11.3285,163.794313644923,239.719974773018
11.329,182.429125617967,263.165285520345
11.3295,181.544918997662,257.079227003698
11.33,172.305671007079,225.796258807354
11.3305,181.069011073189,195.309284082776
11.331,211.717564308116,187.502416053527
11.3315,233.846038209175,196.181347053136
11.332,219.216735806065,194.128433209167
11.3325,175.424775111755,162.321977325039
11.333,128.6463040036,103.371553077188
11.3335,84.5663754860733,25.0171209102667
11.334,27.3602245811964,-74.6514534138147
11.3345,-45.2884007100678,-192.367591038972
11.335,-108.070511291847,-299.420346452682
11.3355,-136.706741536937,-356.069364446632
11.336,-136.690948554587,-348.516261675497
11.3365,-133.745704643519,-298.348869662272
11.337,-144.63404367049,-234.565141730787
11.3375,-166.947951892517,-171.224353891294
11.338,-190.689682319911,-114.799629348844
11.3385,-207.602215368519,-74.1934421198808
11.339,-210.45188833679,-51.7945982389716
11.3395,-194.822042051466,-36.8199497079839
11.34,-166.396845780314,-19.3709901342955
11.3405,-140.502723228629,-3.37492458900959
11.341,-129.201826785128,2.94653107509613
11.3415,-130.6233155645,0.723394956385568
11.342,-133.596923673112,-4.41351853107826
11.3425,-130.274145365452,-12.4632489817937
11.343,-120.443021815464,-24.9849344270139
11.3435,-105.08645201889,-38.4432830804819
11.344,-81.7936509399987,-50.7213825362012
11.3445,-49.7501738697746,-66.9715629161444
11.345,-15.993290555089,-89.8795248854359
11.3455,8.29040470618483,-111.015456752251
11.346,18.2902926873021,-120.224236753794
11.3465,19.6532482728971,-115.883980611036
11.347,21.577195460201,-98.0762440457684
11.3475,28.2113845828604,-62.6853727486824
11.348,37.0600022037373,-14.3915758178025
11.3485,42.5027897220667,24.526908686266
11.349,39.4573133981925,34.1238921792344
11.3495,27.0461467654872,20.6309044859612
11.35,11.9745092506718,7.69377353701872
11.3505,6.82566726470121,9.272048264683
11.351,21.7450496541571,23.3510318668959
11.3515,56.6934630493516,45.2100499577372
11.352,101.264393199545,71.347449157414
11.3525,140.594833415179,94.3441636833364
11.353,162.916399414949,108.286296222053
11.3535,166.648669096606,116.194969660134
11.354,162.056334957122,120.16132876466
11.3545,161.036725846053,110.875981488671
11.355,162.210968686207,81.8711743878515
11.3555,151.521274508405,47.0885657812891
11.356,122.370209187304,26.4972683802602
11.3565,88.846778113865,19.9420127102795
11.357,69.6749183957399,14.1019789957078
11.3575,62.0023272058845,8.83404338136405
11.358,42.7030916898659,13.2546163776202
11.3585,-1.86392057438134,19.9846226681051
11.359,-56.8761443789664,11.2662082686912
11.3595,-94.8518104284533,-7.78032455603399
11.36,-103.760107032493,-11.1071384816121
11.3605,-93.7975608264797,6.0710553754511
11.361,-81.6444114674749,15.8720320603735
11.3615,-75.5434779789056,1.61714879879694
11.362,-74.1025786159067,-13.0779104321282
11.3625,-72.5800342841901,2.19748130310238
11.363,-68.0073787773471,42.2704250678144
11.3635,-60.705225794296,77.8432464144183
11.364,-51.993218091919,94.2132260540705
11.3645,-40.257240736986,98.290067018302
11.365,-21.3726449350197,97.9745015563459
11.3655,4.67297756270377,94.6114898973564
11.366,29.2936856246294,90.7106415251536
11.3665,40.8482474512889,89.4241550552752
11.367,34.7205820308355,88.2453744577429
11.3675,15.9136083440132,81.0137516540259
11.368,-7.34735324317702,60.6013044726263
11.3685,-29.3794288164121,17.1719583120043
11.369,-46.7868340434063,-51.1298112127764
11.3695,-57.0760845311583,-119.432392627189
11.37,-60.3844970461541,-148.487073052246
11.3705,-60.3025650630023,-129.528521652135
11.371,-59.9480380701201,-98.0183573222744
11.3715,-58.6422446683958,-87.2676463406098
11.372,-55.9764923514649,-90.4264798519266
11.3725,-57.905978132129,-89.7806320306253
11.373,-72.3169757488184,-97.7339378998181
11.3735,-95.2324973026926,-132.122735461085
11.374,-106.924870277308,-167.295433101461
11.3745,-89.31083066578,-155.491438246228
11.375,-46.5695180088978,-96.9018038608436
11.3755,-1.64720302203141,-45.9835627628194
11.376,29.2314004275739,-37.846774920308
11.3765,52.6477586774248,-45.3645072209502
11.377,86.2535157567345,-26.1748780537601
11.3775,136.729182679687,19.6939618922294
11.378,193.079537689939,62.1854819714503
11.3785,236.773494444495,87.0688874194711
11.379,254.384650024912,102.980000850846
11.3795,245.50927729161,116.459022134001
11.38,223.909006522843,123.82530285852
11.3805,206.403438032487,122.094022047633
11.381,194.30641875198,112.026514759069
11.3815,169.947243394947,96.1986879673272
11.382,118.487235552358,84.4978099483239
11.3825,48.6512142056422,90.1816746745357
11.383,-16.8837707711307,107.673254855444
11.3835,-67.0912416836682,107.546176578978
11.384,-106.707210363027,70.9814170315867
11.3845,-137.512694076599,18.5247121059298
11.385,-151.247160317585,-14.443884490782
11.3855,-145.10389111143,-21.6338694444727
11.386,-130.92577491894,-23.8069724926757
11.3865,-121.72785526706,-30.3057054846885
11.387,-118.613428424801,-29.0984665599321
11.3875,-117.34443421922,-15.4714729454053
11.388,-117.883268795927,-4.24318464683694
11.3885,-119.200610291746,-5.35481486520178
11.389,-113.698652321441,-8.85430205056684
11.3895,-97.2349932734125,-5.3312456164369
11.39,-78.4944897388283,-3.34837858221356
11.3905,-68.3267726543518,-13.3492761137681
11.391,-64.8427490213741,-29.5621994054507
11.3915,-59.0909413854455,-43.6340610401554
11.392,-50.5807897037487,-63.7802795861734
11.3925,-45.5000251768835,-101.151331554493
11.393,-42.6678822885589,-144.155826693748
11.3935,-34.1187261965335,-166.97116911863
11.394,-19.3917679092957,-163.020483161068
11.3945,-6.70790898391439,-151.096490394613
11.395,2.28772743414601,-144.699960956585
11.3955,17.1522022006375,-133.493195118722
11.396,42.8573689668445,-104.717629965698
11.3965,68.4779945501477,-68.4760259532081
11.397,78.3808777098549,-46.6284378115678
11.3975,69.5786592870717,-42.8308523064145
11.398,53.056400795565,-37.7334953259913
11.3985,41.8663541100547,-13.0927860447273
11.399,41.4817008871248,29.9888079502988
11.3995,47.7673101839568,76.5694478604012
11.4,50.4836428629759,110.536905649797
11.4005,41.2917258928732,118.995736058718
11.401,21.0111166082044,94.4256846945807
11.4015,-2.08463593674454,40.718665650473
11.402,-19.841813348265,-25.4887283770107
11.4025,-25.9818459523819,-83.6597341075014
11.403,-13.499973613556,-118.843464409938
11.4035,18.9460796442517,-124.381665047493
11.404,55.3934516327427,-103.442308514514
11.4045,68.7659584478967,-70.9702447714459
11.405,48.0027029413134,-45.2132565175568
11.4055,13.5778573694741,-28.8851380007374
11.406,-2.58198063544883,-3.28071054329054
11.4065,10.4030618243937,50.0001642605231
11.407,36.9562601879844,123.062005473674
11.4075,57.9774172605688,185.353726566781
11.408,68.7748017715142,213.241002120639
11.4085,73.9216168877088,209.142947968802
11.409,74.6656884285324,191.208571294392
11.4095,67.5040595311419,172.215576895265
11.41,50.9883730146345,152.569129569482
11.4105,28.4418070054068,128.885211566933
11.411,4.19619170952661,104.085784697335
11.4115,-20.0330071417559,88.9801571748965
11.412,-43.8542777523757,94.0551224737338
11.4125,-63.8810121805445,117.517508938031
11.413,-73.0752382881504,142.106989182987
11.4135,-67.7729979283732,148.252912538312
11.414,-55.1007399459774,131.925560724018
11.4145,-48.028042817014,106.000672977969
11.415,-50.3436266085645,82.6866110613784
11.4155,-52.0772365388569,59.2688904387613
11.416,-44.8809665345841,25.4372976412765
11.4165,-36.1911762762749,-17.6950973767149
11.417,-39.0594528386074,-52.0086072819224
11.4175,-50.823391373625,-59.1325660862089
11.418,-53.4719422331878,-41.2289996320853
11.4185,-37.208717010018,-21.013176914994
11.419,-13.1507415093058,-19.0152455841147
11.4195,2.48879133425151,-33.6751028425168
11.42,8.03556616973333,-47.8712250604115
11.4205,12.8628518778537,-52.5755888126076
11.421,21.0380180285014,-56.710990732211
11.4215,27.7502896150901,-72.905433932124
11.422,28.7504488204509,-101.554126243309
11.4225,24.3363045188923,-132.35315112464
11.423,14.9075127226077,-154.084243050225
11.4235,0.721487948187562,-158.643876381431
11.424,-13.4568671072887,-144.413354412279
11.4245,-20.8749442639045,-123.38200401538
11.425,-21.574640719373,-116.896646925146
11.4255,-22.3356349970217,-133.616958091931
11.426,-26.2043842275068,-156.361280912246
11.4265,-28.7429973011398,-160.507655560038
11.427,-27.3855376654575,-140.692159389406
11.4275,-27.2921883097891,-109.620867253253
11.428,-32.4425319924365,-77.573054605512
11.4285,-36.4968804858272,-47.7479449968505
11.429,-30.0047570524962,-27.4968853061469
11.4295,-14.2308390989496,-25.9369026811308
11.43,-0.338571308427843,-38.0705329654767
11.4305,5.2824601119377,-45.6777577575149
11.431,8.30200369898349,-37.1946038426907
11.4315,16.9617543258039,-15.3635566788404
11.432,30.4979264134131,14.4959732122399
11.4325,41.1428448712783,48.8051321190378
11.433,45.2177940700784,77.0485329364754
11.4335,47.4813258895031,85.9943801611827
11.434,53.592819378511,77.9316676011065
11.4345,61.717107329565,69.7905954927713
11.435,64.9812596165271,69.0877979863141
11.4355,61.3843983476171,66.2602419158141
11.436,56.8462051171843,56.0741247156892
11.4365,56.5229379254458,48.3555933355115
11.437,57.6012666940122,48.2481054105987
11.4375,55.5791083359016,43.4731468349685
11.438,54.2199133896053,23.5223987131646
11.4385,61.2837430076016,-3.83574679526869
11.439,74.7812078263168,-27.6358303223687
11.4395,82.7304181268521,-49.1360878579811
11.44,79.5227023073143,-66.8266444839079
11.4405,73.53963389562,-61.7461195767308
11.441,72.8910474563943,-18.6394055660808
11.4415,71.9230103782109,46.5601872298443
11.442,60.280316984372,98.6047617834081
11.4425,38.821568915688,117.010604018853
11.443,16.2603015128519,105.28491690187
11.4435,-5.52625744030968,76.5445656718256
11.444,-31.2682154791199,47.9194735759707
11.4445,-59.6908718965278,41.7873838831514
11.445,-83.6270244985438,71.7492697048524
11.4455,-103.237393782339,125.748958043251
11.446,-126.797286169245,173.751183890251
11.4465,-155.163091460242,190.183710434946
11.447,-176.487936583208,164.809334532715
11.4475,-181.008762372574,105.663718637008
11.448,-171.368299121438,43.0909038037686
11.4485,-153.294565278376,14.4592131821148
11.449,-126.047599723757,25.6645081645981
11.4495,-89.2276355347915,39.575388708889
11.45,-50.5711315535338,20.4244114235049
11.4505,-18.7848429725941,-24.9859031942321
11.451,4.95836364889578,-70.5070109750715
11.4515,21.4870223815592,-115.207087123091
11.452,27.5179347344282,-172.914365200272
11.4525,24.2565815550575,-230.893025014656
11.453,24.8032444309504,-257.294110860415
11.4535,40.8230571863811,-246.922548894062
11.454,65.5113493988261,-224.554177752516
11.4545,81.713303152779,-202.583498126857
11.455,85.1893393102093,-169.60732948886
11.4555,87.5850882852949,-123.562648526241
11.456,95.3874120612586,-81.5182781434972
11.4565,97.7686403667798,-49.9245496213712
11.457,80.267236042036,-16.8826958569589
11.4575,43.1016925438507,19.3582661174173
11.458,1.09691839389877,45.3574826046394
11.4585,-30.3745207834713,61.6078306626852
11.459,-46.866604580016,83.55182432289
11.4595,-56.3488865077901,107.381872252052
11.46,-71.3703114074346,111.600995744491
11.4605,-96.8104793029343,102.019136348337
11.461,-124.198254485168,115.498173891871
11.4615,-139.521091607005,163.9753084577
11.462,-134.968090149759,213.447729794048
11.4625,-111.263816312396,235.299365218696
11.463,-74.0399125394231,237.8748811363
11.4635,-34.541674569457,228.122534507427
11.464,-9.33643142074001,188.788226003846
11.4645,-8.90645485324149,123.301950767102
11.465,-25.8774188985196,76.9510947638346
11.4655,-41.28967976034,73.0247937284591
11.466,-41.4908350691455,67.8747854924712
11.4665,-22.6841287190455,15.7504030171671
11.467,15.9028632520063,-55.581177391256
11.4675,70.2991728801224,-84.1670988874309
11.468,124.164506621272,-60.6794047190121
11.4685,157.329049662481,-23.5746265924815
11.469,165.612232770146,7.70516688532496
11.4695,161.046621876466,36.1448572080091
11.47,151.145710087518,39.9213882887545
11.4705,132.737797621554,-16.0789035524011
11.471,109.60797921939,-122.957173794143
11.4715,96.7867114377175,-232.914093290115
11.472,95.9076298721404,-318.633272573254
11.4725,83.8096548131988,-379.691216532163
11.473,43.6225717191077,-398.426991575981
11.4735,-4.81299784977586,-348.479211704288
11.474,-26.5980380011408,-250.593738384097
11.4745,-17.7172805131509,-164.061189811793
11.475,-7.71375618622224,-113.688214046329
11.4755,-17.6369352921287,-75.0577054916754
11.476,-37.2541502563363,-36.3725993011187
11.4765,-48.9524504911216,-16.7390530645032
11.477,-54.0057039733871,-11.0203387021693
11.4775,-63.8028659452227,22.1500260517587
11.478,-79.7788566001156,92.5198334533942
11.4785,-96.4147959390769,151.129293668303
11.479,-115.338262626717,158.23721966147
11.4795,-141.191730548587,130.718591373485
11.48,-165.770867157543,95.5884336805141
11.4805,-168.925839271075,46.3642312406453
11.481,-137.816760113287,-20.8033921851087
11.4815,-78.6660683966949,-73.6795027110294
11.482,-8.43042092331822,-85.6869060354499
11.4825,59.6999934074241,-73.4473878299661
11.483,122.077032785811,-56.7862230159544
11.4835,181.894177954763,-19.5398803216495
11.484,242.879598380283,50.2852099568531
11.4845,300.973231176175,117.024736217906
11.485,339.402183297247,138.429617313128
11.4855,336.495083834656,123.753042808384
11.486,284.601709202717,111.728077598964
11.4865,202.077715398476,116.261236272828
11.487,122.911293810245,129.995088330443
11.4875,71.7161032347863,152.511101968591
11.488,47.790730858314,175.567454426706
11.4885,30.9269696676014,169.598979712339
11.489,-0.844225930377166,128.189038059066
11.4895,-57.3570849299552,99.9647210974142
11.49,-131.142403112569,132.813340825078
11.4905,-200.428361758122,210.591115520142
11.491,-243.062506087476,285.098463984818
11.4915,-256.086967558149,338.25792063673
11.492,-259.308024581632,364.329686744414
11.4925,-271.015486504118,327.340539664925
11.493,-282.279218884345,202.375349371815
11.4935,-266.913302079874,37.21047313174
11.494,-217.698540824935,-93.0641293104386
11.4945,-158.683293986289,-176.769849041784
11.495,-115.930345146158,-247.242215336302
11.4955,-90.1647477746143,-295.083329771481
11.496,-68.5138108267726,-278.857909649902
11.4965,-49.4546770373696,-217.099189421971
11.497,-38.9705334216794,-186.114653937576
11.4975,-30.097710388665,-216.85348520515
11.498,-6.59758358825741,-268.644728917136
11.4985,33.5569815235074,-312.138129327745
11.499,75.6179170544078,-354.640058949181
11.4995,110.335780545377,-368.970726215784
11.5,142.126804027152,-295.618262349888
11.5005,171.586063047538,-158.490808046863
11.501,187.081207186358,-87.8211611297965
11.5015,181.861978372247,-161.643166327897
11.502,165.821377094158,-292.716214598872
11.5025,151.181383949665,-342.45796605804
11.503,137.858675663449,-289.294547180495
11.5035,121.266910406287,-208.494432711205
11.504,102.3169592202,-135.852176516202
11.5045,79.5769293944662,-44.1352695568006
11.505,44.33013704303,69.2416877328036
11.5055,-2.60415418223187,164.254936516273
11.506,-39.806891636117,231.002520495537
11.5065,-48.1690447885197,304.693724300859
11.507,-38.6021172375896,394.608286292726
11.5075,-39.743312564838,460.231940524676
11.508,-61.7854399671765,476.081945640786
11.5085,-89.70571924476,466.568301313199
11.509,-109.718413900092,452.591829816136
11.5095,-122.291995492915,408.610527751846
11.51,-126.86662484658,304.847141843759
11.5105,-114.742284316323,163.754996085612
11.511,-85.8434650145238,43.393737210667
11.5115,-55.2243831667699,-23.1887452546852
11.512,-31.3216153381502,-52.187891565819
11.5125,-2.24960240463158,-81.1301398315024
11.513,42.1870570224499,-131.62120959683
11.5135,86.7857932325712,-196.942967042361
11.514,106.573477122348,-256.884344463819
11.5145,98.8695448988457,-298.793953314105
11.515,81.1509681098213,-318.156483860352
11.5155,60.1598998955743,-301.91233360294
11.516,24.1015466099499,-232.017907755456
11.5165,-30.044969090011,-118.224322783018
11.517,-80.9252086196078,-8.5649799013892
11.5175,-107.021421698332,55.2550928816089
11.518,-114.620508711782,83.2211463899512
11.5185,-127.390421638685,117.385396929904
11.519,-154.279735015245,175.453777238264
11.5195,-182.215130820108,235.342936459145
11.52,-198.970295874925,270.417918838642
11.5205,-208.591351032455,279.471553499571
11.521,-219.839691586544,282.76642081963
11.5215,-230.589169475741,300.846969108803
11.522,-231.242610864586,330.865987057796
11.5225,-216.478118258155,335.348866901462
11.523,-185.319122849279,272.21858730352
11.5235,-134.066937068025,151.815880717672
11.524,-58.5614973345035,41.5829926997757
11.5245,36.816986611434,-10.7609016307884
11.525,139.30986937292,-35.8182533595789
11.5255,237.677898280241,-91.7922650438267
11.526,327.604436447453,-179.083887447436
11.5265,408.90670170494,-253.054688403125
11.527,483.219396426659,-308.251615777574
11.5275,551.956132120198,-389.387364833989
11.528,607.962071875567,-506.80105824131
11.5285,631.279556826227,-591.994106545312
11.529,606.131321405175,-564.797540355832
11.5295,543.735361184139,-416.954552194116
11.53,472.265259786458,-212.967237651571
11.5305,397.219754333077,-35.7798088815716
11.531,291.089360078784,55.6773106554488
11.5315,140.724078914055,49.8551210405926
11.532,-10.1839946983405,-8.95215670367664
11.5325,-96.1299446464565,-53.0324500405663
11.533,-107.834386481318,-50.4425543966887
11.5335,-106.879898512057,-18.9060724534049
11.534,-151.750196810223,22.3354931995403
11.5345,-233.191950813724,82.395072687941
11.535,-300.231810604136,163.28974332053
11.5355,-328.76634140786,225.883904764895
11.536,-335.932552356281,221.177614985515
11.5365,-337.001782906291,140.706129386657
11.537,-323.027463141952,16.256767125558
11.5375,-288.576940662893,-111.28708867725
11.538,-253.245788956314,-202.308080913297
11.5385,-236.863361394988,-222.805504232265
11.539,-229.473886639089,-173.250885638817
11.5395,-206.724089916043,-102.336592849909
11.54,-167.974302330256,-60.4214696587894
11.5405,-139.157045778775,-43.9649068100377
11.541,-137.464486165354,-12.3587676463916
11.5415,-150.023710844936,47.7163065955996
11.542,-153.39135495008,107.248921502126
11.5425,-142.363453193706,143.579689078614
11.543,-131.208863042446,169.076501639334
11.5435,-133.125926981769,199.829042317036
11.544,-146.646137670843,225.795787134704
11.5445,-159.613403682405,233.783078526801
11.545,-160.381999458428,239.874680387887
11.5455,-145.952372839368,268.739233077369
11.546,-123.286702005843,302.528458312912
11.5465,-102.262108974325,278.015410887967
11.547,-84.7231357229471,152.580903747945
11.5475,-61.3468555422788,-34.8559948887954
11.548,-21.3622970531046,-188.367492079289
11.5485,35.696998092375,-248.437989759283
11.549,99.0757244963427,-248.654827003314
11.5495,155.479475998228,-263.565246919164
11.55,197.755288382435,-306.940547263177
11.5505,228.602360853669,-309.278422823239
11.551,257.516760511749,-208.682419097611
11.5515,289.399750940002,-40.5994191795856
11.552,313.478424196924,92.7256017698089
11.5525,310.376893707523,138.905032490126
11.553,276.59086624313,153.716356743539
11.5535,235.148020275252,232.066087584499
11.554,211.044487344252,398.129950923173
11.5545,199.684773445487,578.742194874791
11.555,173.025127052999,675.484531129064
11.5555,117.108157626379,646.360536293004
11.556,48.7376790992498,521.763343157632
11.5565,-9.3230506506973,364.595303493907
11.557,-53.8239979339561,228.442342987538
11.5575,-91.018060954519,140.363632873693
11.558,-114.682069781893,97.6180064096981
11.5585,-111.91200359152,69.2767094052889
11.559,-86.2722112198648,10.9681248531562
11.5595,-57.7719855478463,-106.399013229635
11.56,-37.7018354605656,-274.280825140014
11.5605,-17.2377254873904,-448.954255513257
11.561,13.8777133313113,-575.083366042761
11.5615,48.209902050941,-615.858406730408
11.562,67.9307914660005,-576.583930227576
11.5625,65.052065952597,-503.91192092599
11.563,47.2115757620688,-449.160298523781
11.5635,26.7746445964721,-422.912198463078
11.564,10.8513813720254,-393.667519688688
11.5645,1.02247465612452,-336.602577821031
11.565,-3.69935860560605,-268.629019325854
11.5655,-7.28461256119406,-222.159935405943
11.566,-17.9626974778632,-199.048012751913
11.5665,-44.1946181491013,-172.233926285946
11.567,-85.9929108275096,-125.529916255299
11.5675,-131.917223198072,-68.0342995456039
11.568,-169.360751330858,-10.2674442180971
11.5685,-197.774843073489,50.7300051975744
11.569,-225.843979874338,117.214534085609
11.5695,-254.36777384302,179.139341342098
11.57,-269.949300687106,222.579946404618
11.5705,-260.297227864679,238.120760033494
11.571,-228.484886314667,221.87326918437
11.5715,-186.306093676402,183.943021702967
11.572,-141.713038408417,153.6467803188
11.5725,-100.332050996127,154.886968520792
11.573,-68.983608144549,174.069414408184
11.5735,-45.0580572727681,174.122625884093
11.574,-12.0958516507109,143.744253016388
11.5745,36.4191405077488,108.137933897539
11.575,76.6661771172897,84.2700560716061
11.5755,82.2295975823554,54.8434287090464
11.576,71.5238401750436,4.73833563865171
11.5765,99.7481543407815,-40.5582094349515
11.577,193.592664117996,-39.1670542120307
11.5775,316.505991636106,14.143769788354
11.578,411.851565386901,78.9567710063872
11.5785,460.106516788011,108.889038309728
11.579,477.967618858855,88.9106016667653
11.5795,482.799930941629,41.149031688159
11.58,482.9276880512,5.12497034046091
11.5805,488.729685452893,6.17439711180286
11.581,503.742295896784,35.5545259967258
11.5815,507.553151133974,66.7354994582841
11.582,471.343869252755,89.6534039578464
11.5825,390.495605414913,112.507386300707
11.583,282.780342142929,129.932208583435
11.5835,157.9659652359,116.583731572338
11.584,13.4878456340628,63.8400234451699
11.5845,-139.086257303641,-2.39563272955467
11.585,-270.530368630792,-56.7164257008962
11.5855,-366.445901162023,-102.741809137537
11.586,-441.656151863826,-146.947448033614
11.5865,-510.892705682399,-169.797765234151
11.587,-564.848579318153,-152.77339964175
11.5875,-589.800207329511,-117.107516975992
11.588,-593.529767557603,-103.76591728443
11.5885,-592.607375690979,-123.147470637344
11.589,-585.122616537327,-151.066960653785
11.5895,-556.034016845406,-166.380241440771
11.59,-504.232858294582,-166.309487476152
11.5905,-445.618278513173,-151.328993723832
11.591,-389.928340560328,-122.254312925549
11.5915,-330.697283763706,-90.9115188243012
11.592,-261.37093953454,-71.5142866669033
11.5925,-188.651220613588,-61.9329237122064
11.593,-123.635415763727,-48.5509225935447
11.5935,-67.2025509784646,-22.9778145249124
11.594,-10.6601772279722,18.8184425029613
11.5945,51.834398005561,78.0206759366945
11.595,116.431758253598,136.28302752978
11.5955,176.215141393052,160.984906389054
11.596,232.263434000468,154.597007887727
11.5965,293.227628962516,173.514379242492
11.597,360.590570153528,258.860326591543
11.5975,419.04682233718,370.560226700718
11.598,449.543536453771,438.152600256615
11.5985,449.416261708481,458.47698493916
11.599,428.62767210012,482.642472273125
11.5995,386.61466962871,515.35627331567
11.6,308.766828281676,499.88868418049
11.6005,193.224101434266,412.503019354146
11.601,67.6961352802818,296.994593544335
11.6015,-32.5681571494778,179.737135235837
11.602,-96.1420526792091,27.3744825429657
11.6025,-135.053712124079,-162.841012456356
11.603,-160.805433015557,-302.597039565576
11.6035,-171.755531032594,-320.350709239096
11.604,-158.940723664534,-285.886342521513
11.6045,-115.05349115326,-336.91553637054
11.605,-43.6083676252926,-491.008995069104
11.6055,32.3687543662796,-613.546283809261
11.606,80.035163758509,-587.075134781301
11.6065,87.7755505092934,-443.220751454183
11.607,79.5947866106799,-296.979740813549
11.6075,86.4133971855699,-207.132752730764
11.608,111.977685909151,-148.298226814858
11.6085,142.026765115314,-87.0580569019847
11.609,175.404905431172,-30.8033314522824
11.6095,221.457852749593,-3.34797430783864
11.61,270.495033245146,-11.5418855382546
11.6105,293.711784953385,-48.4096783524352
11.611,277.19478665896,-107.158630315733
11.6115,234.64877517141,-176.211325593048
11.612,182.184865291333,-230.321026906419
11.6125,122.711049777404,-243.756698200623
11.613,61.1522869726966,-215.71791520727
11.6135,10.4990412377326,-173.443592075841
11.614,-28.6546278939822,-143.868636752543
11.6145,-71.7515571519222,-127.805030132098
11.615,-119.703183266299,-109.169094695785
11.6155,-148.321992938156,-83.2335101437022
11.616,-147.611820867693,-62.9167994399811
11.6165,-148.893381226704,-58.6152098057153
11.617,-185.000505195412,-64.4521778750863
11.6175,-238.716452038595,-63.9487483733417
11.618,-262.357987394698,-36.5773345876068
11.6185,-241.781949028291,37.0848338365677
11.619,-209.30968629901,154.682137038378
11.6195,-192.861448484666,274.080055740186
11.62,-183.024956649046,341.336333905016
11.6205,-159.217756328349,347.74248306061
11.621,-123.366977893062,338.785481256057
11.6215,-93.6889868269612,357.410611263001
11.622,-81.235233207207,402.880758180351
11.6225,-84.4480810817615,456.706829484312
11.623,-95.1636264939127,515.311863982823
11.6235,-101.691014079861,570.821885318687
11.624,-97.2445132663005,589.378367952396
11.6245,-90.9165411838417,545.325751464556
11.625,-96.207803113598,456.646846964736
11.6255,-102.890087855478,348.985532399208
11.626,-79.6296092616042,206.262537081087
11.6265,-18.5909333149365,8.62403264490465
11.627,39.3437358423196,-191.05559959577
11.6275,44.6985610442585,-292.761058383368
11.628,-3.47560196253908,-268.531219583293
11.6285,-60.0713667044692,-204.761932295873
11.629,-88.2763426126387,-197.076073732525
11.6295,-90.2229246930707,-241.978591336441
11.63,-83.1099326011727,-265.44788880113
11.6305,-67.7016056418764,-226.395264404609
11.631,-33.118480202496,-149.732295100202
11.6315,18.7448461462057,-74.4381619414914
11.632,67.5107965597492,-13.7529131428356
11.6325,92.2321108886926,30.7021058939511
11.633,89.6227500458612,48.9744232247579
11.6335,75.5456435156902,31.6890721252712
11.634,70.6648312539674,-13.4917982437638
11.6345,82.8550526413771,-61.30294551563
11.635,102.809531633134,-82.100340119396
11.6355,117.741434577802,-62.804782826673
11.636,125.502575861503,-24.7347352448694
11.6365,129.725243152637,-13.3063081774826
11.637,126.258202534041,-56.6302654675816
11.6375,107.639050030556,-138.293545071711
11.638,82.4082691921637,-220.800242915027
11.6385,74.6448584302135,-285.637933613667
11.639,94.6207057394722,-333.163696682598
11.6395,121.048459490049,-352.455080824009
11.64,125.90375065055,-319.55621390488
11.6405,109.446789749922,-232.480891305039
11.641,94.2851370124288,-127.506647408306
11.6415,88.9617037093136,-48.3706117412313
11.642,79.4282682177833,-10.0392701619536
11.6425,61.755243327622,-0.248156751169186
11.643,60.2553231517603,-3.25407449705898
11.6435,95.2300193338652,-9.2298914952381
11.644,146.888543054466,-9.83542272523746
11.6445,174.737772123019,-2.0933291662441
11.645,168.96911674866,2.85298321823884
11.6455,160.01503824308,-11.9840474303922
11.646,174.586120678195,-47.0132472379957
11.6465,203.90309351764,-78.8813783312636
11.647,223.909562621402,-81.1242046425389
11.6475,226.730505378726,-48.9849057783258
11.648,217.042661688458,-0.447793667322828
11.6485,193.360431796319,43.8898853290693
11.649,153.417009705699,76.6877395237715
11.6495,108.527970075739,100.705469379236
11.65,69.5937896155205,116.792023111954
11.6505,21.7806774398489,120.928030120233
11.651,-62.756828576149,113.380843893625
11.6515,-181.509924051067,106.178167918833
11.652,-291.323655472774,115.800800551233
11.6525,-352.625022931654,145.315855741033
11.653,-370.399664837132,175.398031972963
11.6535,-379.984312438601,178.324186456939
11.654,-402.913369228811,144.784183186814
11.6545,-429.381530300118,95.8314589028067
11.655,-437.175694324039,65.41066751535
11.6555,-414.401007635991,71.5647759188882
11.656,-365.364550468851,107.141172007275
11.6565,-304.93675854664,155.943476565231
11.657,-248.940259323073,209.452996926997
11.6575,-204.388843588605,262.438753318824
11.658,-167.545916685718,297.007254054817
11.6585,-132.153442866646,282.336730141512
11.659,-96.2502947610858,200.006314604766
11.6595,-60.2988157185463,72.8853613795766
11.66,-25.9478428377809,-36.7266790237099
11.6605,-0.160951043632414,-70.2764473155332
11.661,8.40659539082026,-24.2449232232442
11.6615,4.39739607500671,42.523099452966
11.662,8.94698118176657,58.5636237518405
11.6625,37.417680869484,-2.68082261711886
11.663,78.9678966168292,-114.289574337581
11.6635,108.885243443938,-231.174354133752
11.664,117.283878690507,-318.001767415136
11.6645,113.921504460286,-349.815156241489
11.665,107.375621460081,-314.397895371233
11.6655,93.9026909913436,-229.1278610395
11.666,69.4626281601671,-139.621060906185
11.6665,40.1199790924535,-83.8259401369812
11.667,14.0263677853324,-62.999270511544
11.6675,-8.96047707397428,-57.6180101641473
11.668,-33.2583842100689,-60.0021020741509
11.6685,-57.564935138048,-75.2407217504677
11.669,-73.0331032497055,-98.9340955755931
11.6695,-68.6477298305235,-114.648029155606
11.67,-37.85246022885,-112.704786759419
11.6705,14.797373348257,-95.6487951380508
11.671,72.8020125411385,-65.8383619695551
11.6715,120.538137095685,-23.4268588974528
11.672,159.19233188542,22.1607286557909
11.6725,202.712388883726,53.7621006032747
11.673,255.020468179068,63.8308708431642
11.6735,300.31724257202,61.3276618117587
11.674,322.677874079485,61.9700451838154
11.6745,327.007922679263,80.5252658622631
11.675,329.285897620668,125.528340474239
11.6755,329.429255070815,183.482461948028
11.676,306.729529031433,211.698992883107
11.6765,245.317749996872,170.380329852277
11.677,154.627601687605,67.8687739173093
11.6775,59.0010363160943,-43.0749189164702
11.678,-25.3746437239097,-117.096873435339
11.6785,-94.5269804489526,-146.004571316635
11.679,-143.373334653734,-137.925352221848
11.6795,-163.123234429763,-98.5750974618049
11.68,-156.088440209382,-47.1364839791471
11.6805,-140.041453908669,-20.7467548393342
11.681,-126.168198674792,-35.815949366119
11.6815,-100.739723850401,-61.1447603588051
11.682,-45.2045029771505,-54.9487638710479
11.6825,27.4969595906337,-17.0758958889127
11.683,76.9744230582983,19.8591019171783
11.6835,83.5227275624095,40.4951906026145
11.684,74.9420759651232,59.0358226145531
11.6845,91.5080849502407,85.8073991397391
11.685,137.313626599965,112.011376340072
11.6855,183.139647783336,133.216626230429
11.686,205.679047330865,162.070810957727
11.6865,200.19036883948,205.202177418614
11.687,160.556406566114,244.556004372826
11.6875,78.0395492370652,254.559435008588
11.688,-31.6303518686564,228.129976102227
11.6885,-126.165334215644,177.26409091739
11.689,-179.347072679179,116.778858855684
11.6895,-209.812432877255,55.6891356810775
11.69,-250.621972925226,-1.3088350232286
11.6905,-303.259528361439,-50.8215155894506
11.691,-340.543107898088,-87.9527112044352
11.6915,-345.421362032653,-107.084964241884
11.692,-325.307970515912,-110.45369246257
11.6925,-291.914892241356,-112.76102965107
11.693,-249.400573949561,-127.264735820599
11.6935,-205.927787881257,-148.367711557631
11.694,-177.292490538957,-159.662634583693
11.6945,-168.820664010463,-159.532216479161
11.695,-164.919204906838,-164.788373800306
11.6955,-146.103782817246,-184.501540811988
11.696,-110.453350121216,-203.150471759225
11.6965,-72.4430753431621,-197.711338900169
11.697,-46.2628746235074,-163.197215006894
11.6975,-35.1266159627856,-115.262974181821
11.698,-31.4617884877181,-74.9090356205276
11.6985,-22.358296351033,-54.7605730558007
11.699,1.20520190834894,-51.325968402561
11.6995,35.9930147636669,-45.5084171187991
11.7,69.6007817024655,-19.9163933954007
11.7005,93.4318124085693,18.5183426397817
11.701,108.58719558347,42.6947401038823
11.7015,118.566152460609,38.6858497705158
11.702,123.92254973579,24.3247553843662
11.7025,127.674928769698,25.0720766513165
11.703,137.519989767796,41.3475420460215
11.7035,155.213044097758,52.8132008026136
11.704,169.643911428223,48.3317853520026
11.7045,169.260479767587,36.8208877115978
11.705,157.666396500439,30.6285929815053
11.7055,147.367774263319,32.3425311152189
11.706,140.056811116281,39.8670269424549
11.7065,124.484129948828,52.9354560017708
11.707,96.1541734866708,69.921999090824
11.7075,68.178953816311,85.1993749068537
11.708,55.1334497953895,93.5585312943743
11.7085,52.6007491667309,93.6502336596223
11.709,42.1075043793074,86.7539990069946
11.7095,15.2540936259889,76.9261735756381
11.71,-14.5812689604692,71.8725652200496
11.7105,-26.3081854512535,77.463771948359
11.711,-12.2935789889723,90.6913404096551
11.7115,15.8274949419619,103.48219278161
11.712,37.8149529059918,113.037143350801
11.7125,38.6224691288827,120.989738302191
11.713,16.2000969913184,122.019933324988
11.7135,-18.0936132101444,104.053143456885
11.714,-46.4742915565428,65.8825046652986
11.7145,-56.6986952232727,25.9376923062425
11.715,-50.0403796409641,3.34027847368522
11.7155,-37.0631900670367,-5.23483261778129
11.716,-25.8757240307999,-17.709202518214
11.7165,-16.5838214707676,-36.4840897664265
11.717,-6.68741037292061,-41.6268626392867
11.7175,2.60792067099079,-22.0857328959986
11.718,8.22152667198711,-0.174476153151166
11.7185,10.3778592461934,-7.61458672893935
11.719,11.8919653484854,-42.372627556069
11.7195,12.8555622300923,-71.037272007079
11.72,9.21680339786524,-78.334258141212
11.7205,-2.87157003136342,-90.3609990807433
11.721,-22.8914278430499,-131.070920543717
11.7215,-45.7221768771724,-174.148542190607
11.722,-64.1734995674013,-168.037819905875
11.7225,-73.4161585655034,-105.908663322151
11.723,-75.8387734455303,-41.2032768448416
11.7235,-80.5225393481736,-25.0194463908803
11.724,-94.3372079633562,-51.8417986485942
11.7245,-113.646754488799,-80.8055035107526
11.725,-128.02718985117,-89.3231794113432
11.7255,-131.447806996434,-84.5926563565303
11.726,-124.951999834391,-76.1632780303276
11.7265,-108.219514410196,-62.8137450549207
11.727,-75.8012181487938,-43.888769753567
11.7275,-26.4294850556722,-22.772055506266
11.728,29.1848843520346,2.50489757183761
11.7285,77.6216977808063,35.9319177131695
11.729,119.340020977507,69.1995890995918
11.7295,169.034794075284,86.0737144322762
11.73,235.809283186125,84.650715294073
11.7305,305.967307615554,81.7429179226943
11.731,349.855251277454,90.2575887096358
11.7315,347.091290639045,103.635945179279
11.732,304.041861817289,107.508849152277
11.7325,245.803999258083,95.7943417488068
11.733,192.647398569814,69.457118637216
11.7335,147.146920290723,30.0088580509039
11.734,103.102117027961,-16.5757764262611
11.7345,58.7798172590581,-55.1886579544109
11.735,14.492564498593,-69.1379163932697
11.7355,-36.9445349417013,-52.2973077952751
11.736,-103.779721893682,-13.3489074494267
11.7365,-177.025317478799,28.2157512266819
11.737,-231.057809480422,52.3071215138644
11.7375,-250.057353742695,53.0503977537847
11.738,-244.950904562914,43.7271431297185
11.7385,-235.850340600587,38.4641161379219
11.739,-226.960759211046,30.9357491582036
11.7395,-210.579413817309,4.85568160926452
11.74,-187.277221864654,-34.6217488143967
11.7405,-164.70907848504,-59.7058692182849
11.741,-139.801783572083,-57.5794615839721
11.7415,-102.229418558975,-49.1124203291138
11.742,-58.9740769177049,-55.6672697323476
11.7425,-36.2608045203048,-65.4977638776373
11.743,-47.9119566429556,-54.3106000588621
11.7435,-77.3449308519477,-24.9836815383367
11.744,-102.776475057678,0.870375211171511
11.7445,-126.832787663267,23.4688016495615
11.745,-165.295970156366,63.3683254889157
11.7455,-214.532596414751,114.485712556488
11.746,-246.985202118384,131.520116804127
11.7465,-238.026355963854,82.861643587368
11.747,-187.115081582207,-6.1453812580087
11.7475,-116.180298709682,-83.8390429651197
11.748,-57.1831778447972,-128.989093223961
11.7485,-34.8912310979155,-152.758870428464
11.749,-46.4538043604761,-158.135965117395
11.7495,-58.4463836688217,-131.554489275503
11.75,-36.445427960542,-76.686254177425
11.7505,22.6175714849668,-25.5465043441139
11.751,96.8073730651061,-2.61555457288645
11.7515,171.478369056072,0.994579306117062
11.752,247.825237478545,4.09602998076928
11.7525,321.217571761089,6.46432798641689
11.753,373.20037737799,1.98118852581295
11.7535,393.469951747439,2.69289681000589
11.754,394.100303858572,23.0730718782559
11.7545,392.144691965019,50.268558437357
11.755,389.743284404299,60.3712166133585
11.7555,380.037962289484,61.8578821627931
11.756,361.83360347732,88.8502194963392
11.7565,338.766029337315,143.173112871874
11.757,311.720540367788,177.852469627369
11.7575,279.004136038801,159.353334878216
11.758,236.482815208089,117.687601686317
11.7585,174.493763765723,104.13701687637
11.759,87.465617291923,119.368902638434
11.7595,-8.53481305447498,121.259896931297
11.76,-84.6107777067775,94.3977608332871
11.7605,-134.784097806844,68.5863116667896
11.761,-184.900696783953,62.4773219883916
11.7615,-251.536302461051,49.2851065088639
11.762,-310.26304873652,-1.23058871198351
11.7625,-325.635984460438,-75.5412706430211
11.763,-298.014373755754,-135.51776726906
11.7635,-255.826664811928,-165.173547735433
11.764,-213.116902123971,-173.823245537019
11.7645,-164.663495168236,-167.179347414054
11.765,-116.93186976056,-142.166532033879
11.7655,-89.0098306950219,-104.77517270465
11.766,-78.5074856986178,-69.8216955480083
11.7665,-59.1593552956197,-43.5725124985784
11.767,-24.0294997514489,-23.6178891666136
11.7675,-2.6778682597537,-13.4374823663054
11.768,-18.7796900243047,-19.8692084883863
11.7685,-54.5652152322853,-37.3730524140329
11.769,-77.3850287251662,-51.1167871951513
11.7695,-82.497901675557,-55.4108555999735
11.77,-87.4605038302004,-54.5828143608734
11.7705,-98.8072210178677,-47.8231994173947
11.771,-108.137316967819,-30.153288688189
11.7715,-112.058706349331,-7.56610897411716
11.772,-112.908722625218,7.36545560406936
11.7725,-104.924801629352,16.4420645522992
11.773,-81.7750154867343,33.3354028197769
11.7735,-55.8203043120707,56.6614136781566
11.774,-48.5394543741768,65.7494003168205
11.7745,-59.3671626947028,50.7991976385214
11.775,-61.8607506952813,28.5216987105999
11.7755,-35.3764122923424,17.9057875693292
11.776,12.950239321726,18.1886020230989
11.7765,60.7006411804691,22.7679764022496
11.777,91.6879165828219,36.4342365030142
11.7775,102.215036769182,60.6013545687184
11.778,99.0057496528866,75.4476395807177
11.7785,96.0772298152326,59.2627238968479
11.779,104.110007928765,20.1679093238357
11.7795,119.448185038082,-10.8492599485864
11.78,131.587530683704,-16.5517596732203
11.7805,140.863496095642,-6.57259137160656
11.781,156.182801883135,4.22906966072723
11.7815,174.100046636202,12.4051188980592
11.782,175.542748990142,18.0474868938408
11.7825,149.686384845077,16.7828448696577
11.783,108.756245390869,7.51615941654524
11.7835,72.2833615036113,-2.54493815901828
11.784,47.7051033210793,-8.59883152571187
11.7845,32.6427624189417,-16.81487576151
11.785,23.0728619912512,-34.4495563681384
11.7855,9.27008777826364,-55.4335804715377
11.786,-24.1117936595436,-63.0302494538749
11.7865,-79.5555749293926,-46.7463273371254
11.787,-134.600290736507,-12.8333420780725
11.7875,-160.843380871668,22.2287547611827
11.788,-151.658085252182,45.9650366248512
11.7885,-122.461393666738,56.2874288391745
11.789,-90.1358350764724,56.0363313559908
11.7895,-63.2932343130366,46.7088398716064
11.79,-46.2972080056293,30.9923452487444
11.7905,-38.0205383984703,16.5395286297743
11.791,-28.6462232751647,8.86138467951424
11.7915,-11.5333151652147,1.71798909753997
11.792,2.10476654397352,-15.7789289748301
11.7925,-5.86883387161161,-41.8143398129708
11.793,-33.1869757345174,-63.2218388979753
11.7935,-54.3567406495569,-77.6094354943454
11.794,-49.9748854748518,-100.371556290518
11.7945,-27.506334883229,-140.371471734581
11.795,-6.71846037137507,-179.80259676034
11.7955,5.38037400706343,-190.619488199227
11.796,16.2813911695107,-164.248011108452
11.7965,31.2603459589392,-114.748829529787
11.797,44.3909855376108,-60.3355881034978
11.7975,44.4459845658895,-13.2653597901162
11.798,23.8626586904108,20.0443756683008
11.7985,-16.4113013453774,42.6932266144148
11.799,-65.7004372313217,64.9486438447817
11.7995,-107.606675159745,85.7308057621547
11.8,-129.440361141768,86.0363020478614
11.8005,-129.659236204277,57.8461086336983
11.801,-116.387214295913,29.2211555458964
11.8015,-99.1330232644891,35.9744448337909
11.802,-80.229074076172,72.9634829715063
11.8025,-51.5522497532162,101.155470340104
11.803,-1.48606319274538,103.651237420724
11.8035,69.8763847348632,104.255422030684
11.804,143.086527791052,122.594951989495
11.8045,193.19460871772,142.303001245784
11.805,213.139229176114,142.25821993279
11.8055,218.927091645078,134.513810994114
11.806,230.826614147423,146.595226329205
11.8065,254.766255594024,180.542543696545
11.807,283.165110542947,211.184493643063
11.8075,306.941800296698,215.05405935592
11.808,322.271132539598,183.717825599044
11.8085,328.947396661611,120.706702580266
11.809,324.791202001249,44.8825668861392
11.8095,300.493903956332,-14.3645774930587
11.81,243.514645389795,-47.4059592904956
11.8105,154.399152885578,-81.3764135607226
11.811,56.3357657564348,-143.539863584444
11.8115,-23.7166950175446,-213.887831273011
11.812,-84.3940029170945,-240.362559536696
11.8125,-146.911258337672,-201.03757581469
11.813,-219.986229343209,-127.229315017885
11.8135,-285.458129521873,-63.3061628471385
11.814,-327.837869016446,-28.1860371794787
11.8145,-358.696748320092,-21.6540770996586
11.815,-392.943474792561,-42.2523253976227
11.8155,-415.534216095974,-83.3613637723841
11.816,-398.12936129713,-127.412491126782
11.8165,-344.430164537276,-158.035140652985
11.817,-292.225278466046,-169.266587947406
11.8175,-266.190468953306,-157.87485795231
11.818,-251.765808690183,-122.178465142607
11.8185,-224.867057130832,-76.2960130892135
11.819,-187.249292611648,-47.4379842148778
11.8195,-157.802537210121,-45.1202961157438
11.82,-142.359108924415,-47.4099405260355
11.8205,-128.085647665895,-32.7044638780039
11.821,-100.988698612396,-11.6017946130781
11.8215,-56.368927696841,-8.78620260549202
11.822,2.9949969180106,-23.9273079116551
11.8225,67.6053440804558,-32.5168882739219
11.823,123.36700232841,-21.0384999718191
11.8235,162.88491249314,-0.0777397164013427
11.824,193.017427129773,17.0483265443218
11.8245,223.518955732536,28.5977166579016
11.825,250.112230821062,34.9213931761313
11.8255,256.161556178888,34.3942399126834
11.826,230.82419147749,35.3516318613506
11.8265,181.39791240758,54.241153188402
11.827,129.731411772596,91.5704160939756
11.8275,99.0169979083605,124.437274067866
11.828,98.4887443273225,135.552643464244
11.8285,115.223731456721,137.113766883918
11.829,124.373546139533,149.926717776508
11.8295,111.683226199998,168.123130264817
11.83,82.5838349634417,165.067594417276
11.8305,49.3068021820699,132.602874728078
11.831,20.2567217952552,93.2306894131251
11.8315,5.93660984267483,66.6011677876252
11.832,18.4502304665271,42.4910122247694
11.8325,51.0423494020607,2.75298491680671
11.833,72.1120014862577,-40.0038224528226
11.8335,60.7598942208659,-46.4324363522271
11.834,40.6323604508398,2.87723293825793
11.8345,53.6943116240453,77.9019144894317
11.835,100.757724037442,125.102698646926
11.8355,133.41504991001,117.492913759866
11.836,112.268225776706,71.9080545811495
11.8365,51.3071416562009,20.4090999537112
11.837,-6.55469744737821,-24.870505178653
11.8375,-38.2081912800462,-73.7447026351522
11.838,-49.0362024780936,-130.911971708023
11.8385,-49.6254912599288,-177.530410749363
11.839,-45.7479864077442,-186.524925355641
11.8395,-45.1871555000289,-154.171381143437
11.84,-55.0081273326193,-108.058911650236
11.8405,-71.5128040998493,-78.8249336319082
11.841,-85.4071397111392,-69.6087002910707
11.8415,-96.2077892803087,-61.7339968716271
11.842,-110.790641626733,-46.7373111185918
11.8425,-129.421829037097,-38.2865776444007
11.843,-144.670856262918,-47.3708849483064
11.8435,-153.507614507377,-59.5773972707238
11.844,-158.881281332311,-51.2762377755959
11.8445,-158.321429779145,-22.8332842107649
11.845,-142.478614619465,0.0503876948004175
11.8455,-109.024549867314,-0.579143692605992
11.846,-69.6340256061158,-14.3491532861068
11.8465,-38.7765677343428,-20.7911669869461
11.847,-20.9865437245146,-16.9655259419931
11.8475,-11.4273721380036,-17.3497143960335
11.848,-3.24997286508188,-32.4539108252809
11.8485,7.82160059199619,-57.5012177311988
11.849,20.769580880629,-80.0036685503408
11.8495,29.0060652878971,-90.0499434211514
11.85,27.6681289148829,-83.6200367276581
11.8505,22.4264410245476,-63.4865483335949
11.851,25.3306328161967,-38.5822206942979
11.8515,40.2117018013754,-17.4391575137704
11.852,58.5426781827236,-1.39963568903157
11.8525,72.9140990870535,11.3546673525627
11.853,88.5191067897202,16.5440123611339
11.8535,115.567136825338,7.48499927432139
11.854,152.54542632025,-9.07343454170266
11.8545,181.338145518275,-10.4018494711844
11.855,179.869904974318,19.9344175382542
11.8555,141.086632986022,71.6869042461796
11.856,83.0651918433229,119.22367095858
11.8565,39.5621231199621,150.959029983454
11.857,34.0077022879166,176.364802248919
11.8575,59.1657114532055,202.907739766408
11.858,85.0520273444056,220.35393666996
11.8585,87.9650048298152,217.349906079891
11.859,68.1736323800511,203.104066463084
11.8595,39.4541666700983,197.223019230284
11.86,9.19349431211187,200.640981143359
11.8605,-25.8949201538064,192.347660058052
11.861,-68.9919658129661,159.073560160612
11.8615,-114.668719613054,115.839321125962
11.862,-150.813943609957,89.4994320470352
11.8625,-166.29781685567,89.9679848842287
11.863,-158.403858725494,104.684457905434
11.8635,-135.644347626059,114.056582488782
11.864,-112.407218275218,104.074595444401
11.8645,-98.8909458623491,69.998922226785
11.865,-96.4043374613903,18.0025648998164
11.8655,-101.053537955206,-38.8648378429166
11.866,-107.319025052719,-93.0114520751222
11.8665,-106.775100251729,-146.122103943962
11.867,-89.3065402260516,-193.614402242581
11.8675,-51.4087811660715,-213.897634155463
11.868,-2.07514191305485,-188.530537023079
11.8685,43.1228564920669,-131.166931193305
11.869,73.270791982967,-81.2004125525936
11.8695,85.9648450427487,-66.9197107858755
11.87,83.0135799673002,-87.8622815773164
11.8705,67.027436274855,-132.632939293033
11.871,42.8893002414805,-193.322305097779
11.8715,19.59599738283,-253.881723112223
11.872,7.6524760484347,-284.880281631776
11.8725,12.5099586663741,-269.712711741818
11.873,29.7554133058353,-227.65501618168
11.8735,48.5957781020651,-193.700463407714
11.874,61.8131731346064,-179.67106961677
11.8745,69.6549853822837,-169.974562883558
11.875,71.0976793645024,-151.41756108036
11.8755,56.6855086051775,-128.888085929131
11.876,19.3993274095408,-109.511589517539
11.8765,-28.3948117025303,-87.8547619827501
11.877,-60.5479654283411,-54.6820737621014
11.8775,-64.5106360433637,-10.8930643749317
11.878,-54.1139796544777,33.3206578039506
11.8785,-48.5680627801528,66.4170212191625
11.879,-47.2925421839533,79.4943372165786
11.8795,-36.0013122381843,70.9825946257289
11.88,-13.0065292803394,51.9978945988285
11.8805,2.99515946064584,39.264326761386
11.881,-6.72924835038747,37.6161341774363
11.8815,-40.3015252634412,36.2237956796175
11.882,-77.0353289367068,25.8265167097334
11.8825,-95.4165510847492,10.5551419447843
11.883,-89.5058793398267,-2.68943510475683
11.8835,-72.9957890005529,-14.9198589159991
11.884,-67.3824297284843,-24.3544218511926
11.8845,-80.3869212608553,-15.2718783251928
11.885,-94.6016017926149,25.8351575708022
11.8855,-82.6940961445621,86.5074130113069
11.886,-36.4259768979184,137.2712245112
11.8865,23.0357839565123,165.383713316496
11.887,65.7367672250856,185.174235681747
11.8875,80.5863535669058,212.759455299854
11.888,80.7363101472463,246.235379824686
11.8885,85.7196544168987,276.365036491392
11.889,102.956356234068,300.527288828976
11.8895,126.044201136778,315.549053245049
11.89,146.891477711151,310.835682541694
11.8905,166.674769196967,283.116768806164
11.891,194.358384552782,248.291061115942
11.8915,234.248561142109,224.264833365938
11.892,274.850739878518,210.646888219946
11.8925,291.724112869587,199.545563050374
11.893,265.939033071662,193.613167426119
11.8935,204.3755585676,190.424654533063
11.894,140.951107149699,159.533959749944
11.8945,110.469896051977,69.9548510979881
11.895,115.488278078318,-55.4961282914352
11.8955,122.203367318044,-148.148341497568
11.896,95.4265633383143,-172.210875977286
11.8965,35.8380964405408,-167.881496328404
11.897,-24.2811128515418,-195.209447604208
11.8975,-60.1051802396291,-260.099130972017
11.898,-77.9986155921061,-322.98422182216
11.8985,-98.2266434762915,-358.644739840856
11.899,-126.757880550536,-370.324123865459
11.8995,-153.245120997123,-355.92754647183
11.9,-168.461935895719,-302.368131220472
11.9005,-171.878945041521,-218.213006987811
11.901,-165.593370221299,-138.164507710688
11.9015,-152.620711934826,-85.0203786930195
11.902,-141.841635148012,-52.5960581282544
11.9025,-144.788427459009,-32.2236944471365
11.903,-163.518834673734,-26.8337307959262
11.9035,-186.640037041585,-28.6291790339023
11.904,-200.038705967996,-14.3917106933239
11.9045,-199.082740395614,17.8752858138422
11.905,-190.318270811522,34.1493037013835
11.9055,-184.392754673465,9.70560111113516
11.906,-186.883283280232,-31.6981306012251
11.9065,-193.018906510741,-48.9378880988491
11.907,-192.463176512952,-36.7620707059979
11.9075,-181.941429569797,-21.6354621392146
11.908,-170.257059706455,-18.4002600683202
11.9085,-166.614662055381,-19.8805046187177
11.909,-167.384266399362,-20.8637461512096
11.9095,-160.540825354666,-23.0690709780665
11.91,-140.621728458841,-19.5179726708167
11.9105,-112.063290188244,-1.04485352586165
11.911,-79.3578300675156,21.9652650809391
11.9115,-42.2260888390364,28.9309865710185
11.912,-0.810102735856937,20.1931212873569
11.9125,42.4622838781657,14.5740209475494
11.913,87.79299545908,16.0801038318639
11.9135,137.073831843919,10.731501975075
11.914,185.0303199365,0.530780299933834
11.9145,218.180445807888,10.2378730428531
11.915,227.666730486092,47.6232494635818
11.9155,219.937543777874,83.2490163331663
11.916,211.610789720809,88.0689424517467
11.9165,215.65601153224,71.3295112447051
11.917,232.779063578699,61.6886991300789
11.9175,252.417313884549,66.624020205695
11.918,261.740832787752,71.9537628099735
11.9185,258.189735897845,70.2895926286534
11.919,253.76904980737,66.47118942746
11.9195,262.294671241394,58.770563111989
11.92,282.221580362466,36.8490760304953
11.9205,297.823245551457,2.03089783091512
11.921,297.756028891308,-26.3694345272185
11.9215,285.262708996186,-31.7220307451508
11.922,268.075607913166,-17.6130801963425
11.9225,246.071002748811,1.12151220085323
11.923,213.286679450773,17.7089119267851
11.9235,165.897025301563,35.5526443680453
11.924,103.660886821178,52.9229797880465
11.9245,29.7842379052678,55.6245871177956
11.925,-45.0382640391601,33.7586455029786
11.9255,-105.279910833415,3.46050062421115
11.926,-146.845392934328,-1.58311880146895
11.9265,-187.855968916033,31.0896596047153
11.927,-252.443887889147,71.6336935407338
11.9275,-340.75446170649,78.6445839539932
11.928,-421.690715186397,45.7581395094322
11.9285,-459.913720583269,2.8452199056196
11.929,-447.236568279892,-25.2608347917888
11.9295,-404.895324937546,-41.3075259997168
11.93,-359.003072310954,-54.5459707189157
11.9305,-319.628930606417,-58.6274442819637
11.931,-282.817107080942,-42.2762165778703
11.9315,-244.38177414166,-7.91670573525056
11.932,-204.842542593272,32.7938542088261
11.9325,-164.022249222314,72.6502924562581
11.933,-119.412764044176,107.856007007358
11.9335,-71.7581436999191,131.875647597804
11.934,-26.076485943542,140.543232478342
11.9345,14.9271435228382,136.495913550517
11.935,51.5758805798672,119.542767312135
11.9355,77.9376323752564,79.5535420986333
11.936,80.1874906220554,9.53266572095119
11.9365,52.319349896094,-76.9066016832124
11.937,9.18764383883678,-148.545073660225
11.9375,-23.3208148029035,-177.271223163007
11.938,-28.4897033733512,-156.933759513393
11.9385,-5.63569337603812,-108.840952340774
11.939,35.0808794193506,-68.902333546995
11.9395,76.8202618116829,-59.8013438930774
11.94,103.897770935461,-74.1445010727166
11.9405,117.986559487047,-92.5659164428936
11.941,140.597620576833,-112.282712766195
11.9415,186.398198245371,-139.587635746273
11.942,240.290138146121,-159.006741533387
11.9425,276.674816002875,-140.852127531366
11.943,294.903667836235,-88.3214999016671
11.9435,313.955820815474,-45.9464755394906
11.944,334.059748442229,-41.510859490384
11.9445,329.642191599533,-45.9501804483298
11.945,287.057900112466,-17.0638741178072
11.9455,226.365913202478,38.260603228745
11.946,175.184631738688,76.5369768946223
11.9465,140.660656700133,77.8559759380093
11.947,117.695556820605,61.0588422608961
11.9475,102.986913151628,47.5622026324435
11.948,85.087885546414,42.8836587655976
11.9485,40.8183942757418,50.5592780381664
11.949,-36.890548266839,71.7532895629141
11.9495,-121.070221806784,88.6581841439846
11.95,-180.825021911776,77.2197999658939
11.9505,-217.939990112586,41.1643725962475
11.951,-253.66010089223,8.50406462429459
11.9515,-290.332072388847,-8.23855476528811
11.952,-309.040338217643,-21.5542736264656
11.9525,-298.308370755513,-36.134015823511
11.953,-263.590932694781,-38.2880219419401
11.9535,-214.296072268875,-27.962933951472
11.954,-162.537966590113,-29.8973539502858
11.9545,-128.06773277786,-54.9844779152907
11.955,-120.3640622089,-75.8557133516275
11.9555,-119.808181275183,-61.7861997991923
11.956,-101.07338877278,-18.5042237593771
11.9565,-71.7580029740728,26.7175391254266
11.957,-60.5858166588004,61.7459014335378
11.9575,-68.8959884396701,89.278045321914
11.958,-66.3761092809959,105.047486023031
11.9585,-41.338076218805,102.435188384573
11.959,-22.4755969987224,92.0600609881896
11.9595,-35.2637554271179,93.0599016876541
11.96,-63.5927491707784,105.349917214223
11.9605,-74.2351806845187,108.116045978504
11.961,-58.8601111863349,86.0700168406415
11.9615,-31.4747426105872,43.5187924844765
11.962,-0.335752426011796,-6.35772639651327
11.9625,36.2609261576712,-52.2724576690182
11.963,76.0443207764197,-83.6841977898232
11.9635,112.503729584699,-90.2913390957926
11.964,142.297164943453,-66.9822857647954
11.9645,161.346586027687,-16.9927844274104
11.965,163.153970227709,45.958866750964
11.9655,152.122222665053,95.685874701629
11.966,146.800634918119,104.46297570456
11.9665,157.210617796534,67.8041210287905
11.967,170.801807391526,13.0523296939402
11.9675,174.089965917383,-27.4441603729045
11.968,174.699305884133,-47.3602642373176
11.9685,185.224872975571,-61.7510085288943
11.969,197.448336615567,-79.3912745752042
11.9695,192.533400172239,-93.5374140610428
11.97,169.158867152102,-94.9338199256832
11.9705,143.030736336271,-78.5052816859726
11.971,124.493408927596,-39.9976494972422
11.9715,113.093465291286,16.9917530118584
11.972,106.648355165338,69.9068778032497
11.9725,97.536872585187,90.5874390149026
11.973,67.4894219321772,75.8240006979377
11.9735,6.80322862149045,51.7786945668532
11.974,-65.4726414245557,42.1308464092795
11.9745,-119.917585277874,43.7642954601586
11.975,-151.430539889148,40.5253326532873
11.9755,-177.134675526245,27.6697851014344
11.976,-205.982931936633,10.0804356546376
11.9765,-232.895502978536,-15.1538784738641
11.977,-258.241354120509,-57.6384080581604
11.9775,-286.587931235975,-113.558758679691
11.978,-305.963947830914,-158.248457760759
11.9785,-295.424682670371,-165.715764771651
11.979,-257.964915189028,-132.783416725525
11.9795,-221.027924280944,-80.7308636230965
11.98,-198.15773696217,-34.9694317710983
11.9805,-174.73256908219,-5.96470973716116
11.981,-139.692881488253,10.9267153999668
11.9815,-106.040995392166,22.1224550550497
11.982,-87.5232730062022,27.6496041394455
11.9825,-77.7305914292559,25.800108185687
11.983,-66.636568213717,18.9616090592702
11.9835,-57.2191094196414,9.16714865999128
11.984,-49.6393608927926,-8.87963342027209
11.9845,-27.035546758295,-42.3256260442844
11.985,25.4355937863285,-85.9858856622744
11.9855,100.227009576678,-119.876638556097
11.986,178.170443420147,-125.798024879286
11.9865,244.544058654127,-104.430783718981
11.987,284.920314673636,-72.5958387768596
11.9875,286.978094700748,-44.9352332581844
11.988,262.319299957136,-22.0202935428238
11.9885,245.17802165786,3.34165558700811
11.989,250.676901371292,32.2649939235397
11.9895,255.548903921703,56.1896185014021
11.99,240.272527598946,67.2174349980083
11.9905,223.403125272731,68.9795114983686
11.991,222.760739028039,73.9078523874388
11.9915,207.020572886601,88.5849471219355
11.992,130.338898116253,103.466675719057
11.9925,4.99174547366675,100.376589219792
11.993,-105.7272860606,72.3956030746782
11.9935,-167.654146620004,34.7738845755684
11.994,-207.049860105302,11.6043677666535
11.9945,-255.055268108021,10.2213618747774
11.995,-300.572678219082,14.4289146809331
11.9955,-313.373255562267,8.65933406483585
11.996,-282.058080574702,3.51854220677985
11.9965,-213.137067821074,25.6598761482434
11.997,-120.706674554585,81.6633109014604
11.9975,-33.2996906247698,144.811877929497
11.998,16.5915502882101,183.651852114481
11.9985,29.7760029824683,192.487799149175
11.999,44.2194452186888,185.672906832703
11.9995,82.8689011104505,174.329758412135
12,120.938255485688,162.34953278783
12.0005,126.537077748496,154.655966103758
12.001,110.389232862404,150.01963795117
12.0015,107.352238035498,130.682874636401
12.002,126.131703452966,79.9583602045011
12.0025,147.024317410208,9.71677594978396
12.003,156.463033158612,-49.7438204758411
12.0035,152.310545459507,-87.7255532017633
12.004,123.279396090864,-118.080101320055
12.0045,57.5988179756148,-143.197295856856
12.005,-26.2876915006889,-142.536867418531
12.0055,-87.2961203051636,-111.964128204505
12.006,-106.660772640127,-87.7619613901096
12.0065,-102.69391179494,-105.957085255506
12.007,-96.0393115807409,-153.920348720077
12.0075,-84.3870362291318,-188.68180789111
12.008,-61.1416633970101,-192.811343614916
12.0085,-36.4583623177508,-184.83348337909
12.009,-22.7393612447901,-179.617108570526
12.0095,-12.7139334006169,-167.864990009272
12.01,10.7877367988824,-139.461001808181
12.0105,48.5704967717452,-103.979070023052
12.011,82.0120701990907,-79.4544694865636
12.0115,96.0826264774765,-76.0433894137911
12.012,97.099440021595,-95.2917115853004
12.0125,104.198167746488,-129.570751836484
12.013,124.157053763082,-156.803757279854
12.0135,137.531052920313,-151.967083557911
12.014,116.146886283587,-113.392134738405
12.0145,57.3236456683784,-67.6014467473263
12.015,-7.86137085138249,-41.8317055061536
12.0155,-48.3271693278114,-40.4044173455358
12.016,-65.8516086454698,-50.0632832397983
12.0165,-81.4753257896305,-55.0649291594296
12.017,-98.6106707976521,-42.298473080865
12.0175,-101.410442853097,-6.19914295924569
12.018,-88.5553217320919,42.6113177343921
12.0185,-84.1061471928517,84.747694566212
12.019,-105.250893301414,115.716564820633
12.0195,-137.351152757958,150.994249427878
12.02,-153.631979152903,200.569749368685
12.0205,-147.018369033774,252.460842940581
12.021,-130.037352692322,292.243422734936
12.0215,-113.131508642955,324.143291898229
12.022,-96.6590883279896,355.662338144553
12.0225,-79.2794090490658,372.22010917219
12.023,-62.7493411809414,349.859335494157
12.0235,-49.6687163483931,291.884398825818
12.024,-42.4692988146969,232.020344509417
12.0245,-41.895189456333,195.646523504655
12.025,-43.7784302181626,174.199508279029
12.0255,-44.1306241303852,146.607621269695
12.026,-50.6826625198613,111.568197885963
12.0265,-78.7298210311789,82.6197643121276
12.027,-127.454146033923,57.3307521685581
12.0275,-169.893402283377,11.4775992755538
12.028,-178.138604855025,-67.8203380230929
12.0285,-153.492084770322,-155.412068582548
12.029,-121.290029740602,-209.920329090447
12.0295,-99.9418321399488,-220.914663798306
12.03,-85.7989947413937,-220.152295004231
12.0305,-66.1099267405751,-241.367011049709
12.031,-35.2111998167879,-282.107386099326
12.0315,4.13386621867574,-314.726851344886
12.032,47.1606248670666,-322.294363362962
12.0325,90.7572184043342,-307.25091519244
12.033,133.732230413978,-273.03972301949
12.0335,175.548300366479,-219.181436715353
12.034,215.254824268124,-154.36221289091
12.0345,253.530497115246,-93.0048456377074
12.035,294.353013747248,-34.0297100315477
12.0355,338.173005685786,36.5806007724563
12.036,372.67465305591,113.113194468818
12.0365,379.824532447127,159.226209659312
12.037,357.209335707029,143.994448338111
12.0375,323.442031321217,76.0244462741342
12.038,294.512449559303,-9.82929252838728
12.0385,262.490381954495,-85.1986879095686
12.039,208.224937791286,-134.468402158221
12.0395,130.636173805789,-146.106323184866
12.04,52.1172182255682,-121.041998730779
12.0405,-5.35332313265031,-81.4075608910217
12.041,-42.9893943686054,-48.5231633081773
12.0415,-85.4447138024535,-15.9053220820053
12.042,-162.349755556755,34.96953802263
12.0425,-283.032146762695,94.2192223038878
12.043,-418.99641439104,122.40268012221
12.0435,-512.847767374177,96.2310417328057
12.044,-515.681428837742,38.7672481101705
12.0445,-423.167924362721,-3.66363946424451
12.045,-277.217730552663,-3.73844472268088
12.0455,-133.778989535544,31.8647259958214
12.046,-24.9553196127033,77.8265159583644
12.0465,57.8634425384536,113.400073167759
12.047,146.98686746426,136.314821006974
12.0475,256.755000109576,157.527775305383
12.048,357.884603923288,180.870154867179
12.0485,405.98099994005,193.841910806231
12.049,397.320797267605,185.788930510785
12.0495,376.178362168803,165.58865222788
12.05,376.904096574755,146.269527122498
12.0505,380.425466691895,120.133894145043
12.051,345.919567151776,70.5141298587434
12.0515,265.039738285842,4.75442754951858
12.052,159.455245755518,-49.8172173568924
12.0525,42.0041571513847,-85.2212441826988
12.053,-86.27270633503,-121.369028342849
12.0535,-209.410554394424,-166.995316902002
12.054,-303.001616945305,-198.966804647206
12.0545,-366.726250258058,-195.550999949244
12.055,-416.744435098767,-166.164241084154
12.0555,-444.81555477326,-128.893568781741
12.056,-422.895183538473,-81.5517845622145
12.0565,-356.341861516623,-20.8897494814526
12.057,-292.844142050534,29.1599245481324
12.0575,-260.996159554925,42.8421232406701
12.058,-236.407922728964,36.7942647780885
12.0585,-191.968152654139,52.4282059938318
12.059,-145.979248823767,93.8221919220712
12.0595,-126.738197587575,118.975902114847
12.06,-118.029652778275,101.888420780249
12.0605,-81.8148019771882,68.6735042985094
12.061,-18.9753750401567,52.3141435840023
12.0615,34.6551164435714,41.5592408061959
12.062,65.5250548533307,6.84190853907895
12.0625,94.5847548414133,-40.2882058273973
12.063,131.524698399877,-52.9661389103199
12.0635,155.244144953271,-15.8188747375004
12.064,149.114245250788,28.6028394630593
12.0645,124.605162580496,35.9223016594412
12.065,98.6623757071332,18.0815094888079
12.0655,74.4492260924527,21.7022617095698
12.066,56.4889105516147,61.7697954888683
12.0665,58.8203504280898,105.423899526911
12.067,81.0147076435741,121.264881179659
12.0675,96.3852793641208,116.053848502474
12.068,82.168116472229,109.690012946154
12.0685,46.1687968758579,97.4896777028362
12.069,7.32314139466206,62.3091960198443
12.0695,-34.7875118826221,12.4293761185436
12.07,-91.6385419522978,-22.6339219852816
12.0705,-158.540205609201,-35.4973233097624
12.071,-216.657902327988,-52.0745097484659
12.0715,-255.946810853005,-89.0139231403886
12.072,-276.71878106615,-125.306360914499
12.0725,-273.04636325765,-135.548490089706
12.073,-236.52389531793,-131.095327838367
12.0735,-178.153039404617,-140.082384880997
12.074,-125.21221646977,-157.482712712775
12.0745,-87.284395597957,-148.716282841218
12.075,-41.2794869776817,-105.303696616154
12.0755,37.0049094603664,-64.510327152576
12.076,137.027840836394,-59.0583494748322
12.0765,224.190913076181,-73.1181476926311
12.077,281.336401946766,-71.2197559243002
12.0775,323.622394815827,-53.481545838963
12.078,371.496149784501,-52.7488134138771
12.0785,425.146368440902,-82.1669239902752
12.079,472.469836345543,-115.556255260655
12.0795,506.283426543306,-126.094144668058
12.08,518.126620920853,-118.353504022333
12.0805,486.392206616318,-106.630651594254
12.081,395.039353624675,-82.1844989607274
12.0815,265.178781590372,-26.9118323294036
12.082,144.614660408782,48.6670603195744
12.0825,56.6558040529256,106.906447566742
12.083,-20.5963500625045,124.221617372964
12.0835,-110.858464833631,108.509751171781
12.084,-196.50544560841,69.9896395140299
12.0845,-241.189083393766,-0.179292572614695
12.085,-240.596607904285,-104.282479889739
12.0855,-222.562369084007,-209.309954513687
12.086,-204.320615495193,-269.711296136874
12.0865,-180.515415283738,-272.802821480136
12.087,-152.266842837238,-238.490547610076
12.0875,-133.860610579487,-178.013597047215
12.088,-122.619887637595,-81.6289470425549
12.0885,-96.1897868080096,47.0065366399367
12.089,-56.9506115255173,173.467628702172
12.0895,-47.3840182292771,268.05962310705
12.09,-93.4851236027885,339.37134891743
12.0905,-156.576129423066,410.985936617207
12.091,-175.8511670269,477.503560214643
12.0915,-145.614894939918,507.527188296456
12.092,-114.403397753676,485.644921400623
12.0925,-112.931568156446,429.451246489935
12.093,-121.366159856567,363.690918290613
12.0935,-113.94812251414,295.615533881884
12.094,-99.4944338267281,220.486250960116
12.0945,-98.7938413119058,137.685349843851
12.095,-107.413845407859,54.7649652993261
12.0955,-104.192419946904,-17.641012371104
12.096,-82.2188609878639,-72.8104824953886
12.0965,-51.0409033096828,-114.449432616754
12.097,-17.6205274335484,-152.081470634239
12.0975,16.5628283512875,-181.772287672646
12.098,45.4964155187682,-179.027015155771
12.0985,61.9130168810627,-126.86258432848
12.099,67.2894718283102,-48.269497041905
12.0995,66.8615436305194,7.04418438897993
12.1,60.7750576143596,10.3321660690355
12.1005,52.1026749443708,-26.4686721488276
12.101,54.0193398759639,-78.2621671775679
12.1015,71.4178328007572,-134.253986958957
12.102,83.5763188926833,-192.875069648062
12.1025,68.0907112899482,-248.766997829085
12.103,38.3135445708184,-295.032180677565
12.1035,30.0977405974312,-324.736546666711
12.104,49.0549089295924,-324.395906744533
12.1045,60.8292950862973,-284.53178274981
12.105,44.0777963472287,-225.747223771874
12.1055,22.0000545674002,-191.993392432064
12.106,19.9897877912561,-199.309724537988
12.1065,19.5114136573576,-207.56873814064
12.107,-13.1570848962241,-164.432841098844
12.1075,-68.6159545715184,-66.4859834051101
12.108,-101.383131109667,43.0505332142598
12.1085,-89.5728760841576,126.409318835055
12.109,-52.1955671135371,178.388411645742
12.1095,-6.85043848256089,209.990944484636
12.11,51.6610243440419,230.994065498405
12.1105,119.201800935622,246.898636093283
12.111,164.150677419194,250.579929564924
12.1115,164.533569270057,219.320020881814
12.112,140.397390127245,144.740214449012
12.1125,126.399462518123,64.4994431061933
12.113,129.376790194293,34.3411167753033
12.1135,134.859043590832,61.4693812302886
12.114,139.613248043364,93.8833526146017
12.1145,151.481531912691,87.8360372913431
12.115,165.431213617605,58.3019517057025
12.1155,164.385881877593,44.5864798305324
12.116,140.723386814683,52.976164428308
12.1165,98.0000295485943,62.6922609165364
12.117,37.3584146712333,71.2224884421748
12.1175,-36.2308903085897,97.622697711428
12.118,-98.5012736024121,142.096243640501
12.1185,-121.398712165692,173.137830868545
12.119,-107.501688063105,164.055534310858
12.1195,-90.4820113161241,122.374579536673
12.12,-98.5514955112744,73.7161114393888
12.1205,-132.887563915119,32.1690613981375
12.121,-180.330805187199,-2.3436613100319
12.1215,-225.912822803287,-28.7237346279394
12.122,-249.975456662018,-40.6125141818118
12.1225,-235.34116760708,-35.5586320129272
12.123,-186.732055129978,-20.704143771989
12.1235,-127.69477969043,-10.0140517569752
12.124,-73.0454177452651,-19.1063802357322
12.1245,-21.6039430496541,-59.2466009359944
12.125,19.6963121867712,-130.083551156756
12.1255,28.8530107776457,-217.184547368656
12.126,0.555167904722259,-300.240754044024
12.1265,-34.1579077883789,-366.808495455407
12.127,-39.3852131665567,-418.444889452015
12.1275,-14.7295283885002,-461.683807013565
12.128,11.986574506693,-492.186713790377
12.1285,22.0147880660897,-491.457564818893
12.129,17.1709730004491,-444.461498146826
12.1295,0.976241301420469,-359.060441083431
12.13,-29.2227593697882,-260.535869323763
12.1305,-67.0615561964444,-165.404226875581
12.131,-90.642835241198,-68.6064731214822
12.1315,-82.947751276088,39.6682489712953
12.132,-54.1906980081063,152.709754820476
12.1325,-34.012258887985,249.667922447008
12.133,-38.2356494114519,313.835277111494
12.1335,-49.7163261170938,342.786709912133
12.134,-41.8918465944349,346.097787011383
12.1345,-19.7641869545413,339.031372455472
12.135,-19.9061617242382,331.585439642084
12.1355,-59.0252074254294,315.812045961302
12.136,-100.031730918521,270.882996866045
12.1365,-92.3475633082903,191.033276724009
12.137,-36.4836376628126,103.181177053588
12.1375,19.3504760711016,45.67792509477
12.138,43.3310503940261,33.3065224909704
12.1385,48.5297670495629,52.9080370150335
12.139,54.9214349293148,85.9584834711718
12.1395,61.2914711024791,119.601600134365
12.14,71.4256818034441,140.319510793964
12.1405,112.616446547498,137.70373842338
12.141,198.237067052162,118.109042483705
12.1415,294.054012896653,98.2346031556683
12.142,351.230388865767,81.8642868794088
12.1425,358.036370013705,59.3364376819165
12.143,334.515743273788,32.4634056849789
12.1435,294.832274575322,17.9594008342448
12.144,246.201089512809,16.8244597905967
12.1445,209.400184723531,3.0643496996576
12.145,200.94633984478,-39.5453838533439
12.1455,198.275705466616,-87.7927336240132
12.146,159.028317347175,-108.783762035214
12.1465,78.3397887096327,-106.202065942622
12.147,-4.7970456869383,-110.13373784213
12.1475,-63.0717753154535,-127.937628212787
12.148,-109.970848784413,-136.622334090409
12.1485,-161.7432235013,-127.354117400794
12.149,-200.671135161509,-125.174425914259
12.1495,-197.937318552447,-146.54710008009
12.15,-155.841982706526,-160.27303055827
12.1505,-107.715424897639,-117.998110182206
12.151,-84.6708319990798,-17.4439739204787
12.1515,-94.9292667627127,87.7588676297065
12.152,-126.69351902199,144.117776255696
12.1525,-158.583133731132,147.882472891227
12.153,-172.062311997178,132.935069152522
12.1535,-163.100805305046,122.520683041816
12.154,-140.93853973311,105.67140306463
12.1545,-115.001141818034,59.9275016547739
12.155,-89.4404674735428,-10.9881714037062
12.1555,-69.0119592340034,-67.4510009021328
12.156,-57.7120662636529,-64.7808370016395
12.1565,-48.8989209772534,3.82696249808347
12.157,-30.2021313117107,97.090262510587
12.1575,-4.7739216165539,163.247949589984
12.158,3.97180321903008,187.182458147748
12.1585,-21.5105916450642,193.81395746799
12.159,-68.4587076275071,206.540255849429
12.1595,-103.749885234207,216.974440729998
12.16,-105.413857696649,204.059481175715
12.1605,-79.2555778333903,168.54222547942
12.161,-46.488365044343,128.885702573117
12.1615,-19.6084210424896,88.3094527297215
12.162,7.21830358307852,29.3537753045267
12.1625,43.4628548964246,-54.1982604072323
12.163,83.008105557731,-141.625678067207
12.1635,109.11042573075,-212.222888695366
12.164,117.457404140855,-268.426406233944
12.1645,118.728572189384,-316.265821317569
12.165,114.105456061706,-341.305294493908
12.1655,89.7266083431861,-328.63614189292
12.166,48.9643322860826,-296.014528981873
12.1665,26.5873042750911,-278.887247463047
12.167,45.4365624557986,-284.644300774627
12.1675,77.7036370102628,-288.060856234893
12.168,82.1767574971217,-272.944851988805
12.1685,66.4784051526118,-250.159159955331
12.169,71.5823170902704,-228.368747422609
12.1695,99.1874255406529,-196.850174964909
12.17,101.45026879388,-151.624462767888
12.1705,53.0834466994,-111.09182731334
12.171,-9.71706053410979,-84.0703478602904
12.1715,-42.8488531999442,-45.1668005950902
12.172,-50.7594621408022,29.789739589337
12.1725,-63.6471776310309,118.087771765558
12.173,-88.2302424789665,169.881700033482
12.1735,-112.262057715611,167.593404175063
12.174,-137.362872120545,138.356654056535
12.1745,-174.930855319307,110.075397561925
12.175,-219.133124208515,83.8268423956968
12.1755,-249.67756810839,54.9042356997685
12.176,-255.647176432628,35.3420356181748
12.1765,-238.431688106616,41.6752630853527
12.177,-200.201104512909,73.6613151696521
12.1775,-147.26098882306,114.2625557007
12.178,-94.8183250305933,141.787774714626
12.1785,-49.8980813432407,139.452012964773
12.179,1.20462287065205,105.593695098435
12.1795,69.5029415959394,58.6223638264445
12.18,135.331240744676,21.0526631035073
12.1805,163.770488046488,-2.7288474546821
12.181,145.177133686993,-20.672358936851
12.1815,105.40416886593,-27.5279976505708
12.182,78.1569566537628,-5.68792571713366
12.1825,76.6721411233176,44.3874786269861
12.183,85.6947107733458,96.4313488911393
12.1835,72.4807590439189,130.590653356608
12.184,16.1540336075613,153.213010933854
12.1845,-63.995328434202,172.987165304223
12.185,-122.093104526702,179.848510890697
12.1855,-137.653559861826,166.448839402826
12.186,-137.01095283405,150.193658135527
12.1865,-148.760044910561,147.448579933374
12.187,-157.610394030167,139.862656203422
12.1875,-124.194842084543,98.1112138385547
12.188,-34.3288992275048,34.4704274346642
12.1885,96.458144149036,-1.32370519567985
12.189,253.082648245311,15.2295409040374
12.1895,424.521575778884,52.6197787284166
12.19,582.723796218543,66.9726153386373
12.1905,688.411999516987,53.7960013019051
12.191,723.493678717679,40.1685062086151
12.1915,700.882809087532,42.3085704871803
12.192,643.228823582336,50.842011280768
12.1925,567.821757836603,51.4220679867539
12.193,488.492883492276,44.1060256740643
12.1935,414.067883470136,43.1148949409615
12.194,343.815467430163,64.4594759434042
12.1945,272.631410175821,108.776071587944
12.195,192.886597743097,150.878552699408
12.1955,85.546643145925,155.970037126497
12.196,-68.3159583771357,115.923386277087
12.1965,-249.857415820617,60.5165561537328
12.197,-401.574894159641,21.0380804112729
12.1975,-491.90894615992,-7.68748998015138
12.198,-556.680164661322,-52.5312060324268
12.1985,-639.218969232683,-116.474008412715
12.199,-711.651546230629,-170.65863768398
12.1995,-706.419537515059,-195.300244507994
12.2,-615.842658858153,-207.902264246572
12.2005,-503.607286989677,-238.563500497983
12.201,-414.121706713375,-288.857280184361
12.2015,-328.987068950309,-328.225228838956
12.202,-231.551341983399,-326.75008671288
12.2025,-158.721748344576,-281.913114015972
12.203,-151.347870631041,-214.326450732013
12.2035,-190.004224340422,-144.504964726864
12.204,-219.77966998258,-77.3342665773295
12.2045,-217.129323028899,-9.86830878342853
12.205,-198.322681168314,47.9933034456935
12.2055,-178.475213211638,70.6209816307759
12.206,-157.088785548514,44.3831275486543
12.2065,-138.520141685261,-7.64315447736787
12.207,-137.490128529528,-44.587694867365
12.2075,-159.701453091861,-52.4850460795408
12.208,-191.799819423165,-55.3332303944282
12.2085,-212.694361191159,-79.7160271388686
12.209,-207.911753069305,-126.64843921735
12.2095,-175.428988119263,-184.677909428835
12.21,-122.799803694989,-249.305674675233
12.2105,-57.2615263003451,-313.694837299992
12.211,19.7074317861273,-356.660738097109
12.2115,104.164366080059,-359.686325240855
12.212,185.435877419929,-325.900325515088
12.2125,261.229664396698,-265.682720740606
12.213,342.756092348147,-175.914484683149
12.2135,423.930209095286,-53.6759250142408
12.214,462.4086025077,81.5780820476298
12.2145,426.960659769604,203.95370248295
12.215,354.391860926691,308.847430692873
12.2155,314.846122506406,396.684978967338
12.216,319.691428578429,439.762528574914
12.2165,312.242642344667,405.034987555369
12.217,260.137431114077,311.256346435913
12.2175,206.093243583216,221.589999933976
12.218,204.808389624471,166.964215300198
12.2185,255.16696668267,115.938624394469
12.219,321.621073852132,40.0092901668978
12.2195,378.515553196029,-30.3681894792217
12.22,402.063062420494,-46.1322858917548
12.2205,364.557997375192,-5.25798034805438
12.221,280.094688260129,57.8934616205336
12.2215,219.044106424536,124.533154753371
12.222,230.005878726305,192.637802743884
12.2225,275.903673420114,245.132354951951
12.223,289.97631008678,264.540886799998
12.2235,261.528047188098,274.10036449873
12.224,216.156923303087,318.392503042211
12.2245,146.217158231441,397.940301450195
12.225,27.2746444187672,462.181682021584
12.2255,-116.838795532664,474.522635527229
12.226,-234.353119063538,445.939675675622
12.2265,-321.147277315839,393.546791572712
12.227,-409.013414196278,307.474296152262
12.2275,-485.274970982457,181.826144490693
12.228,-499.36528970245,44.49978979922
12.2285,-456.754419531815,-73.0727119733628
12.229,-429.939923121231,-171.591955981704
12.2295,-452.851018045198,-261.110041757608
12.23,-473.483484721439,-324.866437519497
12.2305,-443.254856738281,-340.309113801075
12.231,-388.392744476512,-323.724534169431
12.2315,-349.714779341122,-318.84470567578
12.232,-309.335164503116,-342.777522995075
12.2325,-232.263160319007,-371.575700482083
12.233,-137.801741274347,-380.26171504553
12.2335,-69.5732426135499,-371.222835688802
12.234,-21.9126859084872,-358.26325689295
12.2345,45.3048573567168,-345.04461232727
12.235,132.888318588062,-327.599144895521
12.2355,196.929885820476,-301.769996440833
12.236,213.018575010867,-261.444327811576
12.2365,200.984058292407,-204.141954206669
12.237,185.237531759566,-144.782291088201
12.2375,168.533870029344,-109.274455722134
12.238,148.059287067751,-105.071966273865
12.2385,125.858711048857,-108.708724535336
12.239,100.461674527954,-91.4461234332726
12.2395,74.3898396902375,-49.093098808381
12.24,67.5301356403143,1.2058563264694
12.2405,92.9148875245697,45.178984996733
12.241,119.867444792739,81.8880530214888
12.2415,96.0676232783306,114.331657684784
12.242,16.1272464415791,140.355616374921
12.2425,-60.6824186056303,155.346188837087
12.243,-76.1360591985553,160.349798889459
12.2435,-36.18399767574,166.036024562053
12.244,5.34542197156112,187.423400328439
12.2445,9.36751737185565,230.714565080067
12.245,-17.3462046686718,283.530509705143
12.2455,-42.0961180791497,321.298723534701
12.246,-40.558802718543,326.053830233266
12.2465,-13.5643439287233,298.90340925988
12.247,17.8081283656282,255.366197524356
12.2475,28.0378820683629,210.8337621471
12.248,0.667453701975482,168.465096302013
12.2485,-65.4439719081804,117.317449295218
12.249,-152.538504909835,44.6237010220361
12.2495,-226.256549607103,-45.083257624672
12.25,-255.948181363283,-126.377637529291
12.2505,-242.034076145716,-176.365986571795
12.251,-214.054596503312,-199.308999859649
12.2515,-194.981604341877,-217.327340938983
12.252,-180.910282971514,-237.309593705308
12.2525,-164.150291149644,-241.47120066144
12.253,-154.25842328909,-216.213494843975
12.2535,-153.94695842303,-176.462895022261
12.254,-131.276737949708,-149.237597603735
12.2545,-47.2732884371661,-140.525624073701
12.255,93.9524533482003,-130.928772639606
12.2555,250.311097545609,-101.022652518889
12.256,391.805188449242,-50.1566609838167
12.2565,513.38109780581,8.71429148861742
12.257,599.090050692021,62.6133809346802
12.2575,614.555931655207,105.390558178578
12.258,552.539579514189,138.587719598758
12.2585,454.952286910307,168.022008179582
12.259,365.632558737114,195.673919078878
12.2595,282.274174091454,215.216355886945
12.26,178.773783325781,218.746821940306
12.2605,57.2601902538021,204.09099711352
12.261,-52.005085033527,169.538608340738
12.2615,-136.575455702918,107.811316824841
12.262,-219.89502704222,18.589832899205
12.2625,-327.540739442649,-74.3776479965856
12.263,-450.993887365942,-135.418840533558
12.2635,-550.604788332777,-153.49442069864
12.264,-585.841057098089,-155.430606290365
12.2645,-540.696394683071,-174.949212630279
12.265,-428.335453360872,-217.809118193436
12.2655,-276.954339075145,-263.986445633198
12.266,-110.5646991467,-290.63616743876
12.2665,58.3885361040161,-280.028306218093
12.267,222.634145448276,-218.602853751871
12.2675,374.075892291282,-111.386448100367
12.268,503.717124637918,5.97464630234467
12.2685,598.863558100766,93.0680541792606
12.269,640.772039373314,146.804252298517
12.2695,617.579122737973,197.763917144563
12.27,541.765894222042,259.55465129076
12.2705,439.691238174148,306.153923107219
12.271,319.280317926105,314.343675609312
12.2715,168.263753584092,306.259735219491
12.272,-3.35949042089097,323.868714119289
12.2725,-142.29097597813,372.172209589694
12.273,-201.314021428862,414.763606644469
12.2735,-200.32752967031,422.425226845302
12.274,-207.984311242969,399.781456873173
12.2745,-260.268910324309,361.314989147635
12.275,-323.54041759007,306.713413210724
12.2755,-347.074962645924,229.21158862836
12.276,-328.260933085868,127.244421420734
12.2765,-307.317390078804,-2.59718748962002
12.277,-311.893706209108,-162.975661652599
12.2775,-330.20494637012,-332.080789003793
12.278,-338.191355025743,-464.499417599009
12.2785,-333.777780612219,-538.050262334313
12.279,-333.569306259713,-582.564785790466
12.2795,-343.103779234683,-634.090731305267
12.28,-342.922515025484,-672.70718072418
12.2805,-308.208757941034,-642.096918531799
12.281,-236.46185313638,-531.39865539801
12.2815,-148.770270172405,-399.969852331045
12.282,-65.2997622646957,-306.321903424296
12.2825,12.0254413108277,-244.10112027357
12.283,90.8346992820572,-172.14527434284
12.2835,172.217552376249,-81.7554620141273
12.284,249.363920511451,1.80186775223638
12.2845,313.454847294459,72.8790110642458
12.285,351.916838606837,158.3971016839
12.2855,348.833253312748,267.466456248202
12.286,300.217729755574,360.210125993793
12.2865,225.041684042514,389.159982747329
12.287,148.081542767355,355.721145046558
12.2875,74.7985575353678,304.497343373551
12.288,-1.89918509573833,270.462673092978
12.2885,-72.2238436017565,252.524814047027
12.289,-107.753135308621,235.627769636128
12.2895,-96.1108129316954,215.739885927874
12.29,-59.609776661407,195.824320118496
12.2905,-27.4296677981867,174.295164943425
12.291,-3.15624653438438,149.67284704279
12.2915,25.6894416723344,126.314886094204
12.292,57.8934019102972,103.100670920554
12.2925,78.408504416601,64.0226573335866
12.293,83.9679607147251,-4.85971241191136
12.2935,88.8628303124388,-91.0066083771754
12.294,101.742779740996,-162.187213784502
12.2945,112.266906219949,-199.57913841807
12.295,107.107337522838,-211.359937288893
12.2955,86.5514269190355,-209.878115843798
12.296,57.0911657105807,-190.757028609209
12.2965,19.0683672258815,-147.046382090791
12.297,-25.6344099580751,-94.4470169620387
12.2975,-60.9264408615232,-64.5548472986199
12.298,-68.2845525725955,-71.1965581056963
12.2985,-52.2019210049143,-96.3692302755124
12.299,-38.6247873773891,-116.037067426728
12.2995,-40.7603069569132,-131.431755644016
12.3,-38.5407485394201,-164.07014466728
12.3005,-4.30749887165245,-219.752230837706
12.301,58.6297670340504,-267.137499899564
12.3015,118.464837930325,-261.477560589656
12.302,153.509120865575,-190.476462116396
12.3025,171.735353576627,-88.7891676945764
12.303,190.254478741659,-0.906880357147162
12.3035,214.613845545534,64.5926059050687
12.304,246.758123056278,133.347765566768
12.3045,293.137069391337,220.824257374463
12.305,346.755712808288,306.062396633326
12.3055,376.280633051018,356.656173886751
12.306,357.301345963144,366.260960982842
12.3065,306.548371794696,354.225633312527
12.307,258.724250839592,336.414769236346
12.3075,212.618455461471,312.499806839451
12.308,130.889026622373,280.271696632334
12.3085,-0.867386148361667,247.271971230097
12.309,-145.145637830834,224.149609864659
12.3095,-256.433659836624,215.624515076294
12.31,-327.540696603701,220.273245664651
12.3105,-373.751695899176,230.465244726639
12.311,-396.354844700183,229.751565934562
12.3115,-389.438978917128,199.161864509319
12.312,-365.735103702123,132.887159190824
12.3125,-345.117078637174,46.5607025835451
12.313,-326.621842482771,-31.0317758605503
12.3135,-300.777922329385,-75.3572250807057
12.314,-282.545868670408,-83.9855453122146
12.3145,-299.174576913374,-85.9547835637714
12.315,-344.774635538245,-126.244154251093
12.3155,-379.404275597566,-225.091319260971
12.316,-381.456435972552,-351.30876547995
12.3165,-372.562546480219,-447.486906859375
12.317,-378.235934743232,-482.733950002755
12.3175,-389.601981276509,-471.18770046478
12.318,-382.194026083329,-443.508690314404
12.3185,-353.110787761571,-418.640774156231
12.319,-318.393117765316,-403.438768610886
12.3195,-285.246893706683,-396.02155492013
12.32,-247.26281990923,-378.840330046578
12.3205,-202.657741668357,-327.024735269717
12.321,-160.244395228273,-236.749179257061
12.3215,-124.867350776142,-131.392018392255
12.322,-85.3968696980259,-30.0046701978161
12.3225,-21.8697512103636,71.6207932776082
12.323,72.327309181122,174.619857270109
12.3235,173.493025516583,253.227630664055
12.324,242.932592222447,280.472592121552
12.3245,272.745932069696,262.462552119464
12.325,307.525924462818,222.161244516295
12.3255,397.669199924964,163.598025874347
12.326,534.288758440413,84.3930630877073
12.3265,658.354191436073,14.6169676481533
12.327,736.318727919679,1.98756123059132
12.3275,793.530132688847,50.929398835144
12.328,863.075056631478,110.785826971485
12.3285,938.015706556222,137.794873172248
12.329,993.664785903426,138.14806605638
12.3295,1020.72677894622,133.034367234165
12.33,1007.73337937206,114.341721665684
12.3305,926.425289371961,67.2193249435101
12.331,775.888615679049,15.8122655248601
12.3315,612.306091661438,6.92981007435654
12.332,482.4871807882,50.2058846227036
12.3325,344.932297127184,106.482124394769
12.333,117.575416910295,141.373031717328
12.3335,-194.715318911445,164.154938132324
12.334,-478.757570090834,202.018229449154
12.3345,-636.871289294276,256.053089620983
12.335,-686.059924795439,299.63496763344
12.3355,-712.014348979629,309.905105990243
12.336,-765.213114792857,285.453549062384
12.3365,-831.383364721204,238.195588909179
12.337,-872.426847276041,182.581395689609
12.3375,-862.191129524994,133.233088014202
12.338,-800.460550053419,101.043090651233
12.3385,-721.120776035804,85.7731685984342
12.339,-674.620641136366,76.8870291724308
12.3395,-678.631316090169,63.2990923326172
12.34,-694.705316017642,36.9915892506155
12.3405,-670.380730942779,-12.8301464463978
12.341,-592.301789869563,-97.013764331373
12.3415,-482.466496527998,-208.226477902913
12.342,-358.362616835854,-313.550624870375
12.3425,-218.438160247768,-381.486079064774
12.343,-57.2759424507588,-417.709648004662
12.3435,122.890300808206,-459.840270675488
12.344,307.449871760584,-530.734970712022
12.3445,463.419760987439,-608.233222064129
12.345,552.719530626207,-648.163998240093
12.3455,568.907299724737,-626.165002267426
12.346,548.750957292253,-548.537196313646
12.3465,531.484991958316,-436.278241080544
12.347,519.778250812,-315.023979816509
12.3475,494.560691389236,-210.37101644049
12.348,446.96939741796,-130.109798152296
12.3485,373.838288070102,-51.4879461224872
12.349,265.108341223911,53.9047552336769
12.3495,129.182336402397,179.041521935614
12.35,14.8133691810444,282.403934165302
12.3505,-30.935374336725,335.453441656931
12.351,-20.7546265792399,354.144779786018
12.3515,-8.6002464929863,376.100735791979
12.352,-18.9164571385512,418.288939705275
12.3525,-31.562661896555,463.274271462791
12.353,-32.7832873960174,477.04978744715
12.3535,-35.040366711256,437.033333105114
12.354,-38.6129413835891,354.382141266296
12.3545,-20.660655513422,271.513189691642
12.355,16.934344643011,224.254331906197
12.3555,30.3934916999591,204.625858877582
12.356,-5.04928402243601,176.996151183235
12.3565,-49.2214260517426,130.567735195711
12.357,-47.2222677856056,90.3498469123236
12.3575,-2.98968328651247,69.2557722021516
12.358,33.9596559849376,40.1183195901488
12.3585,40.2397940640159,-24.7348922072896
12.359,38.5827073623494,-110.912813763682
12.3595,51.8759863666216,-183.929316166609
12.36,74.9561143319557,-233.485717385
12.3605,97.1201141904071,-267.362559442287
12.361,120.81520547186,-277.733996221431
12.3615,145.287559869138,-247.439313561586
12.362,154.490515314927,-182.519746882872
12.3625,136.643002243382,-107.744648762665
12.363,102.239756726095,-34.5381020231958
12.3635,69.866167384252,37.5770857997538
12.364,42.7939007163464,94.4493023261387
12.3645,9.69687805488038,118.273508511204
12.365,-36.990997006612,125.503973094129
12.3655,-90.9638978835428,156.471095800727
12.366,-137.614584852636,218.672936001614
12.3665,-167.393754714636,273.534865317953
12.367,-187.749706027185,289.993846419356
12.3675,-220.730668092884,278.236298195793
12.368,-280.229091917045,256.589570968153
12.3685,-351.302001565896,219.566157337006
12.369,-402.266857316922,160.649981816
12.3695,-418.510544498368,96.6882550565326
12.37,-412.073102370967,42.6356768408959
12.3705,-395.635851577828,-14.4119060855423
12.371,-364.412964653521,-88.6827635986548
12.3715,-313.331936292214,-163.686554649193
12.372,-254.993239624865,-215.004431443748
12.3725,-203.417758490766,-247.406082490054
12.373,-152.309429176902,-280.131443597025
12.3735,-90.276075670748,-311.610634142033
12.374,-28.2991821169526,-330.527894667174
12.3745,15.049685175786,-346.917877920938
12.375,53.7046556437232,-375.296294320469
12.3755,127.338249401771,-396.779010255659
12.376,243.321656160103,-378.793709687656
12.3765,352.666474082523,-329.888718591939
12.377,402.608755663122,-293.040811935132
12.3775,392.608222066112,-279.87044878544
12.378,358.340490992567,-252.867613445823
12.3785,321.972279583515,-183.924117460466
12.379,287.319711494479,-89.6024172633025
12.3795,267.014983930409,9.61157320113257
12.38,274.504862595953,123.637368978116
12.3805,290.903394163318,255.720492201009
12.381,277.115669285249,363.983250132611
12.3815,225.173007806271,399.689448289806
12.382,164.210826997392,365.895648447201
12.3825,107.629756140599,301.602992370485
12.383,32.2509674107272,221.489123685833
12.3835,-71.2149014465868,111.893178494504
12.384,-162.274982883759,-17.6694430985836
12.3845,-194.614679876621,-121.558812105836
12.385,-171.627842319318,-167.234562407172
12.3855,-130.614832258732,-165.318356066724
12.386,-96.2182928560426,-136.49513604153
12.3865,-81.2956007089834,-77.2885403653307
12.387,-107.140651871549,18.0383483006078
12.3875,-175.310182820389,119.74931928561
12.388,-232.638986968723,175.200066961508
12.3885,-217.772728605596,159.164129728954
12.389,-145.742887983819,96.1169734888571
12.3895,-97.0552277085051,31.5227879088261
12.39,-110.328818193328,-8.33371702298075
12.3905,-132.518383731198,-26.9829456549744
12.391,-97.8591844519346,-38.5639961225926
12.3915,-12.4781495512779,-45.5289988776249
12.392,74.8856900749774,-36.3589952120986
12.3925,152.593524141277,-3.5283670500512
12.393,248.526228264936,41.3871474375659
12.3935,364.243919135818,76.626809134957
12.394,451.256299594806,92.705515937447
12.3945,461.490248079675,97.6219379138156
12.395,396.351756939929,98.9875630621938
12.3955,299.311786649117,92.4574639316234
12.396,218.309609050351,74.8140778411174
12.3965,179.82790761488,58.8267194402457
12.397,181.234090444335,62.6299587768967
12.3975,195.881141920304,87.0503495074371
12.398,191.536525602367,114.798347436336
12.3985,152.731126714894,133.175384931824
12.399,88.9692951828302,147.745913803769
12.3995,23.8999390491978,169.214739578529
12.4,-25.5577317813457,194.135843920509
12.4005,-67.5199017421507,206.10739277375
12.401,-131.521123084621,194.140468664957
12.4015,-231.748477092538,163.310776745742
12.402,-331.010169879122,125.35659358401
12.4025,-363.75565055929,83.2392450171922
12.403,-310.681375101977,30.6464407048375
12.4035,-232.310481036181,-32.2409346819868
12.404,-205.833337684476,-87.7376166427724
12.4045,-240.14757147931,-112.001220114844
12.405,-277.459927065119,-98.5517975927258
12.4055,-269.393205019334,-66.1307364795582
12.406,-221.319790420049,-40.7698654836672
12.4065,-163.414091241424,-33.3973301708073
12.407,-112.350588796333,-37.7532640157192
12.4075,-73.8580535551834,-45.851796559149
12.408,-55.6453343365498,-58.7471848819551
12.4085,-56.7559368388201,-82.0666207975053
12.409,-58.805916091034,-116.468281120499
12.4095,-46.537521007445,-154.877149999037
12.41,-28.9967538682268,-186.572033420373
12.4105,-25.6925449127683,-203.265196729014
12.411,-38.4044514707337,-205.030311147725
12.4115,-50.6954763874215,-203.035384714394
12.412,-51.1682581356901,-213.796516554999
12.4125,-44.0291856886339,-246.012049744556
12.413,-38.3426072405536,-290.971044093506
12.4135,-39.087584319415,-326.320440691009
12.414,-49.7884889404235,-330.351229965485
12.4145,-72.6555450878011,-295.027121009887
12.415,-100.808541731229,-228.988714390038
12.4155,-117.290778569519,-150.109496283695
12.416,-109.061832057678,-73.246543718747
12.4165,-80.7239497614399,-1.78170796473348
12.417,-48.7856244527628,69.9568189956606
12.4175,-20.349119835483,145.178587848769
12.418,18.1993682934432,216.090451849994
12.4185,85.3198997936057,268.658094778193
12.419,177.335073555661,295.794348803024
12.4195,264.376798884412,303.348948896136
12.42,317.207620232888,301.546224583007
12.4205,332.760347099624,291.453554891081
12.421,328.827252871299,260.69035393886
12.4215,320.760833247671,192.604652974011
12.422,311.182250860438,83.123186009803
12.4225,294.588589211365,-45.0471316885356
12.423,258.188893493447,-144.836304398135
12.4235,182.241901186133,-172.663661564147
12.424,57.5283890383285,-125.115125052467
12.4245,-93.776563038527,-45.2217186468244
12.425,-229.450548371755,17.4425484398291
12.4255,-325.841901407466,51.3713138695122
12.426,-393.449741121583,78.3412612276671
12.4265,-448.867574975464,109.69202636577
12.427,-486.130292168605,129.664734757665
12.4275,-487.041007673148,129.001977690829
12.428,-448.218436791983,129.455316019752
12.4285,-384.109306571725,150.571578994884
12.429,-311.498380776625,166.656474895543
12.4295,-245.943445705292,129.507039614286
12.43,-206.794963626148,34.6978362683793
12.4305,-205.038953997693,-65.1768662195873
12.431,-221.547599287005,-123.326349714337
12.4315,-212.405057604493,-147.817888955735
12.432,-146.598376683935,-171.114705966878
12.4325,-34.1395245108666,-195.655419523351
12.433,89.5646017135824,-198.204350969622
12.4335,205.136470400168,-175.021377984624
12.434,328.645262075888,-150.411475167831
12.4345,485.470250453254,-140.675603833943
12.435,665.812102609602,-137.117380897174
12.4355,814.71608269835,-130.339220666617
12.436,876.535003974355,-126.730313174585
12.4365,848.108038483344,-129.5301982326
12.437,777.040629879421,-123.679347025237
12.4375,707.858705809587,-95.3703153048172
12.438,646.168981495906,-53.612257978012
12.4385,579.659656168704,-17.0977522016892
12.439,509.945416402656,10.9146693582328
12.4395,443.748375856288,40.0527222135423
12.44,369.934173638716,73.2018079426219
12.4405,273.116658604083,105.60306695824
12.441,162.077162753004,139.053795459035
12.4415,55.7714619194905,179.995581147446
12.442,-54.0565104967937,222.796827156074
12.4425,-188.790355050888,249.344637183268
12.443,-322.893078708912,248.749269233402
12.4435,-377.937177344922,226.783353407511
12.444,-307.366118865203,193.405313880374
12.4445,-166.917043380818,152.398116780969
12.445,-68.6700083031227,108.149920379563
12.4455,-71.4359163500285,72.1107097347561
12.446,-140.469203998112,53.9910796357043
12.4465,-208.721615202914,51.1424956355513
12.447,-249.6416242689,51.7023248831392
12.4475,-286.355480033736,44.2092570162906
12.448,-353.195352516161,22.2444510132707
12.4485,-459.264968881577,-11.893282507004
12.449,-577.06465681068,-42.4088532962679
12.4495,-659.957801342122,-47.4757101613489
12.45,-680.754362220483,-21.6030107809513
12.4505,-657.359869576982,13.5179783585389
12.451,-631.652073428723,30.0035508563872
12.4515,-622.465370904974,22.9457793132445
12.452,-611.258241507422,8.87491287857391
12.4525,-574.481462054871,-2.55495803773812
12.453,-513.718568418574,-21.5903851556842
12.4535,-448.216628742832,-58.9836710884448
12.454,-392.709531740825,-105.973253048728
12.4545,-350.63123950064,-143.732517896646
12.455,-314.972451238176,-166.073885979319
12.4555,-265.242457820805,-181.213966203375
12.456,-176.490137481034,-193.31470727428
12.4565,-45.1808620264612,-194.882493595536
12.457,102.023921356945,-180.656311891084
12.4575,236.705342616383,-157.300490937774
12.458,356.967049960985,-129.977622197814
12.4585,475.124693347161,-87.2044904584317
12.459,587.681630114996,-14.2901091929983
12.4595,675.521289353422,77.2735103410879
12.46,729.133763099976,149.502568178641
12.4605,756.18476193174,177.069363810346
12.461,765.918384154273,176.331186779742
12.4615,761.657818710271,180.290507616791
12.462,745.500887391671,190.053440788131
12.4625,711.423687415441,172.007566144614
12.463,635.312516883833,108.553417479151
12.4635,496.377848160076,31.4910214421265
12.464,315.340236344812,-11.7331650293306
12.4645,147.825722455237,-14.1950988743988
12.465,26.2073559395731,-12.8648509996422
12.4655,-71.4737251640909,-39.9973961121008
12.466,-175.884601558858,-90.6357037520027
12.4665,-268.37209100395,-139.491240184038
12.467,-298.062014805708,-169.342848671504
12.4675,-251.9535616808,-173.59203033945
12.468,-177.995005777478,-148.336321684556
12.4685,-130.260705716259,-98.7421747894273
12.469,-113.765157035881,-45.2691803914458
12.4695,-97.9600280530726,-7.95980177658823
12.47,-68.548644164161,12.9446422315661
12.4705,-44.4734743004953,29.1534354859423
12.471,-46.7779963712298,40.3791623546845
12.4715,-69.9882174002716,31.5848241624956
12.472,-92.1280434363185,-5.46521535716489
12.4725,-102.717112838089,-59.9811262678788
12.473,-109.902822468338,-114.130876778071
12.4735,-122.799090882032,-157.141373655489
12.474,-138.406123035539,-184.497842287871
12.4745,-150.604293654684,-193.778257256287
12.475,-162.989237041865,-187.764869562199
12.4755,-181.537710243839,-174.398075385808
12.476,-197.149377773149,-157.286262059649
12.4765,-189.502795759858,-132.082091919704
12.477,-153.947159922213,-98.1079975880137
12.4775,-113.875264374883,-66.7121184951843
12.478,-96.588422505483,-48.484309752043
12.4785,-103.206434329846,-35.2883673511715
12.479,-112.375719624671,-5.6951587375114
12.4795,-107.863669382529,49.6441945086887
12.48,-89.343052266532,115.532955537489
12.4805,-59.3190810358932,168.776512413467
12.481,-17.0373616921839,202.306466797044
12.4815,29.943933738078,228.704438296866
12.482,63.5391093939785,262.860099920815
12.4825,74.865712011695,305.773398419314
12.483,76.340356293741,344.239250919786
12.4835,83.0599267343992,361.656238626871
12.484,89.4279927594491,348.838228529704
12.4845,77.004275614413,310.321454058321
12.485,41.4706210315436,264.86237731585
12.4855,-2.70706395712965,235.92540105287
12.486,-45.5202688874459,232.913349986036
12.4865,-95.2003616355861,238.544316298784
12.487,-161.312968425313,219.919526170672
12.4875,-232.88448898992,157.496239570446
12.488,-283.332477593328,63.257642329508
12.4885,-294.648569860951,-29.9217593894654
12.489,-268.979403802638,-93.3943530522149
12.4895,-217.003380316728,-117.307546733713
12.49,-143.353164369047,-109.634639179646
12.4905,-47.908242647957,-90.0373059528525
12.491,63.7184845302283,-81.0780958657776
12.4915,178.76590223719,-93.4963647324882
12.492,287.47286460387,-115.280534515354
12.4925,389.389651646056,-120.668610279349
12.493,486.458784518754,-94.6273486112917
12.4935,573.276475755197,-47.3111667215832
12.494,637.858264892655,-3.73776339309431
12.4945,669.008850376876,18.0870159073126
12.495,659.263655201142,18.6388297093229
12.4955,606.712807775885,11.160360246654
12.496,523.763766412099,7.69758576518777
12.4965,439.808985054444,9.14347961060104
12.497,378.342955132164,5.9434277082787
12.4975,327.075018297171,-13.6294377600893
12.498,247.704278529153,-57.123039462818
12.4985,126.171272683813,-127.429801855959
12.499,-3.17085873998381,-222.502176595026
12.4995,-101.708549897247,-332.707052787751
12.5,-181.189329222911,-442.582490079371
12.5005,-286.068004160655,-537.997262217331
12.501,-424.034664821364,-607.556416490237
12.5015,-545.985110426829,-636.223575961336
12.502,-606.582791425902,-607.284623689678
12.5025,-619.023423168177,-517.406840982448
12.503,-630.161767122829,-382.705650571576
12.5035,-657.608035748283,-224.885167436138
12.504,-671.472251747333,-63.2660876740588
12.5045,-628.332703293395,71.3783983774989
12.505,-506.83347283122,135.690121972162
12.5055,-321.066908349487,113.663441123734
12.506,-117.88846064729,51.6028826529207
12.5065,48.6716593552314,24.9653883042802
12.507,162.016944349799,66.3939591421286
12.5075,256.40899785602,147.179052304829
12.508,366.457030571305,227.953838975544
12.5085,472.619237373548,297.118451250659
12.509,523.657575490623,353.387708759238
12.5095,507.14272677016,387.478456778235
12.51,463.357051847996,403.918479677512
12.5105,424.276492138371,432.737757674179
12.511,371.806755156944,489.057680759571
12.5115,269.873362937752,538.460001284137
12.512,110.743214971637,533.101302534105
12.5125,-85.3149436906218,471.942210177791
12.513,-290.537192555751,396.743159735437
12.5135,-471.903683069161,336.078943860776
12.514,-597.177813468175,282.892228104195
12.5145,-661.348919313549,224.059046537725
12.515,-690.120155783508,161.096021294925
12.5155,-699.799536521919,96.5694289715418
12.516,-674.594916088838,25.5051578761824
12.5165,-602.415918994037,-51.0289126430515
12.517,-506.855169825692,-121.726757392306
12.5175,-415.506981065885,-179.945395178183
12.518,-319.811294891767,-227.911036676988
12.5185,-199.314971872133,-265.327818458478
12.519,-64.0437171827499,-290.652834171677
12.5195,66.6164510760413,-311.909087660374
12.52,207.719892843882,-335.131984963623
12.5205,382.294403971695,-344.058320713832
12.521,561.173078213796,-318.691602450376
12.5215,683.459484800244,-276.571888752951
12.522,738.379989071845,-262.998145661792
12.5225,772.865711411755,-287.846173196153
12.523,808.492035921859,-302.709731713637
12.5235,806.192622924498,-260.629772707884
12.524,733.779272755308,-173.070726463856
12.5245,616.734671922192,-84.8542194118399
12.525,493.568728887904,-16.2816077465939
12.5255,368.083710040399,40.2978139932871
12.526,239.327631197765,84.2571084749681
12.5265,131.602553924451,103.831952113683
12.527,50.3155711727236,105.982435123189
12.5275,-49.7521289457507,116.703772479095
12.528,-196.391091397036,144.9834486277
12.5285,-332.297368413802,168.648075546728
12.529,-380.068069917013,163.427363908437
12.5295,-356.899461899471,130.000922005231
12.53,-354.45373697402,86.2404825748127
12.5305,-404.540423815846,46.3535086689711
12.531,-434.192373968603,14.6678324419577
12.5315,-373.994412585537,-9.48658912820417
12.532,-252.250696442007,-27.359437723454
12.5325,-147.673860635701,-37.1407866472555
12.533,-91.148820891779,-33.1739553768652
12.5335,-54.3264892581989,-12.395009356465
12.534,-9.78813077279134,20.1858621317962
12.5345,37.5972445478019,56.8819454044188
12.535,71.2776053320791,94.859471557146
12.5355,85.5166183075673,133.51136272045
12.536,85.3619076988059,169.455501335443
12.5365,78.0867538893353,200.121327439241
12.537,65.3122158216555,226.89659587703
12.5375,40.8769875422286,249.268817985874
12.538,2.91875700766566,262.942613762779
12.5385,-34.5231487599339,268.380453735007
12.539,-57.6330949924749,269.505751522406
12.5395,-78.9477362049068,256.521997695718
12.54,-124.01307910299,205.88634662614
12.5405,-187.923360403241,111.845664390302
12.541,-232.125730594946,4.04408910622507
12.5415,-235.112990630603,-84.0682890241853
12.542,-218.782428717091,-152.036011694875
12.5425,-208.228071345057,-218.693056690984
12.543,-193.670422513818,-286.662353448642
12.5435,-157.275067425371,-346.854882167005
12.544,-113.446199529259,-405.958549525494
12.5445,-89.3942379312074,-475.483518887467
12.545,-80.7364541111897,-537.426112000578
12.5455,-61.7536469783106,-556.10234115618
12.546,-32.4171867289045,-526.907239748408
12.5465,-18.169574538214,-480.060394036303
12.547,-20.7053625989553,-431.833488997846
12.5475,-4.87187523230784,-368.582988642589
12.548,51.6190990189217,-287.60298620518
12.5485,122.920638840588,-212.15207941132
12.549,169.469310101337,-146.792368936178
12.5495,190.5095536738,-59.7705001718318
12.55,220.864588700814,57.7295681454728
12.5505,282.546727417199,149.955129828529
12.551,358.22880873777,158.408095407297
12.5515,413.349410539875,105.997334747931
12.552,431.716672424184,75.4587045004331
12.5525,425.05190163214,111.893325088006
12.553,414.811367682334,186.112346854035
12.5535,410.780692326284,250.401817708214
12.554,406.191773178028,289.325733570457
12.5545,388.843309624043,309.861129193171
12.555,353.468465399637,319.557920737512
12.5555,303.650300015112,330.65289022248
12.556,244.667307798212,359.208412785177
12.5565,175.884961779412,403.157455067396
12.557,89.8217655411406,438.172248221901
12.5575,-18.9115968944516,446.107912521081
12.558,-140.522232850627,431.624606277018
12.5585,-249.975777561173,403.935928807014
12.559,-328.537017271717,362.500892396345
12.5595,-383.835920730696,311.270296646565
12.56,-437.240260917111,266.652881526968
12.5605,-490.52059720809,236.268787338273
12.561,-519.738006016077,206.396786726669
12.5615,-508.002775511428,166.306195929811
12.562,-468.587707978359,129.295016385254
12.5625,-423.953974069851,109.959364675018
12.563,-376.033512644739,92.7787626080016
12.5635,-314.54849130398,47.1385922271151
12.564,-245.084426933103,-30.2294518511303
12.5645,-187.568510851647,-109.941265520236
12.565,-148.418855230966,-169.574198757718
12.5655,-112.884735465789,-220.713970164603
12.566,-67.8799958780313,-290.132559503436
12.5665,-18.1877544865888,-386.6826632981
12.567,23.0166106865088,-493.853725932145
12.5675,47.9737066879961,-585.615852227492
12.568,56.9820532516962,-642.145882114594
12.5685,59.0842588674191,-657.317718295304
12.569,71.7200211673373,-639.961876821875
12.5695,107.060863500476,-604.558130982286
12.57,154.825073846077,-552.540161346282
12.5705,188.671331840531,-464.984771828186
12.571,192.419672431906,-324.661309360988
12.5715,171.730944786471,-148.70373459277
12.572,141.713106520834,11.160146535519
12.5725,115.937381261724,111.399237074671
12.573,106.1837626658,155.383076181145
12.5735,115.395457180537,178.483263610363
12.574,128.294189040448,198.54017963842
12.5745,127.378555318242,199.796099686594
12.575,122.010407756112,171.673055807533
12.5755,138.508820345471,142.28075788797
12.576,171.161311456817,152.331906951978
12.5765,169.324895975351,204.157496400919
12.577,96.7605480329617,258.782659150988
12.5775,-12.9685794351943,283.251607793552
12.578,-87.9405442935184,280.580285215888
12.5785,-97.4766133298184,269.009203806762
12.579,-74.6468010681398,252.737543748344
12.5795,-62.3563482963149,226.409584451154
12.58,-64.7549774474289,195.320282279533
12.5805,-59.4474370034862,174.914436437335
12.581,-35.8306502764398,173.206698969512
12.5815,-6.72407907981704,183.352798878088
12.582,8.20901887885641,192.333351412663
12.5825,-0.268872168999337,191.961791098717
12.583,-27.1178013330803,183.763735918171
12.5835,-62.5267341962612,175.602600131154
12.584,-106.337128155191,169.686698566407
12.5845,-167.492160569162,153.72531262414
12.585,-241.21569291807,111.328161880342
12.5855,-295.134792114714,41.6541768853548
12.586,-295.434286479037,-41.4156200321512
12.5865,-244.802783492891,-130.613785164295
12.587,-176.632717306953,-230.796010269975
12.5875,-112.642523592766,-336.994804542857
12.588,-48.1017353394331,-423.871718355401
12.5885,18.4671037642372,-471.696301007312
12.589,68.06310317451,-492.076162102927
12.5895,86.4737149207573,-511.402762677757
12.59,84.337321887717,-534.648730244639
12.5905,76.8555880850414,-541.574683453979
12.591,65.6952416613514,-516.002781369022
12.5915,59.8414150725911,-463.028059382323
12.592,89.1871893663305,-396.262100662829
12.5925,165.675897327251,-322.377119903196
12.593,247.393697880017,-243.516121956692
12.5935,279.159048774754,-164.765941456763
12.594,263.185394372956,-90.6109727930525
12.5945,252.170030044122,-16.0392315700456
12.595,273.130338478448,72.4255697502179
12.5955,300.010156521109,180.797220947483
12.596,311.026009212106,289.987830766858
12.5965,328.131467017634,361.55430286088
12.597,372.97330541187,374.012702132085
12.5975,418.737210273558,352.144706981036
12.598,420.794767389516,344.021884555093
12.5985,370.703694749052,366.840209498453
12.599,282.682661322625,395.728314196282
12.5995,148.675460834642,411.182692666654
12.6,-42.1811452892959,427.570636716104
12.6005,-244.661452597097,454.962879269106
12.601,-375.034956278432,463.363181558117
12.6015,-408.166380361034,422.63561280302
12.602,-414.71544292498,360.368711396435
12.6025,-470.208886536439,334.268486709048
12.603,-555.858335980176,349.481090541988
12.6035,-585.728565294734,349.023278402528
12.604,-514.741132671413,296.012493517738
12.6045,-380.709600719207,223.127682945551
12.605,-246.002006618914,180.897101099729
12.6055,-138.930643875428,173.45915673142
12.606,-60.0970883156894,172.685465750927
12.6065,-6.86143450076549,166.17814988053
12.607,33.8518733863429,157.357702784899
12.6075,92.5404071203471,137.479491688997
12.608,185.751154448563,93.9529187929731
12.6085,286.107579326844,38.5351297799525
12.609,348.784014975844,-5.0826249692885
12.6095,363.860067319296,-40.8120793786752
12.61,358.701629886064,-100.118191902632
12.6105,350.12430497317,-199.228141665003
12.611,322.208034010461,-317.78948058658
12.6115,259.423309280645,-424.371485793188
12.612,175.162389231312,-505.661597360066
12.6125,90.3399767122182,-566.170012924706
12.613,4.87581543664482,-614.798294025852
12.6135,-86.4923434317689,-658.025239063704
12.614,-166.311849872222,-695.079095603549
12.6145,-213.337786734022,-714.087427155426
12.615,-244.298444027195,-700.239639280533
12.6155,-303.27022014267,-650.879285889473
12.616,-400.505189674729,-577.76897295239
12.6165,-488.67805192482,-495.55015367213
12.617,-516.269031774612,-414.070649567136
12.6175,-485.618705413005,-339.55127512932
12.618,-438.959860794427,-275.353860024563
12.6185,-400.057498045007,-221.39349828708
12.619,-352.543523809005,-175.434788838375
12.6195,-273.356728302461,-130.187734054048
12.62,-167.831275134588,-68.2838167071489
12.6205,-65.1627050952553,25.6139799238393
12.621,11.8240155843097,138.212498999596
12.6215,66.6909170143988,227.743422529883
12.622,120.978701153044,267.286076264491
12.6225,186.748802318579,278.094095947033
12.623,249.32175524061,302.638463054127
12.6235,282.547899374781,353.788992813803
12.624,279.732726054724,410.009996906779
12.6245,259.236400858718,451.498445584429
12.625,239.067985519413,476.385803449559
12.6255,220.991386037809,486.053182050863
12.626,204.217362642514,481.914093452996
12.6265,195.050149930847,478.292797512689
12.627,189.405819239242,492.669576972698
12.6275,163.419535527587,517.627941877898
12.628,101.817878902952,524.591514544711
12.6285,24.3032264089464,500.213447032376
12.629,-36.8442773046275,457.051930815382
12.6295,-75.8852015846696,404.152437172568
12.63,-108.734920133082,332.935181195961
12.6305,-138.928355610931,241.019950210001
12.631,-155.649799090206,144.057008551258
12.6315,-160.383897989392,50.3666126436205
12.632,-165.044211524405,-52.685234687089
12.6325,-162.641350455845,-170.64192059114
12.633,-130.304904636483,-280.545942700363
12.6335,-66.8158906178992,-354.86807003789
12.634,3.10343690362433,-389.846233050588
12.6345,70.0543650860702,-395.097468542457
12.635,152.442494763935,-374.624030464292
12.6355,251.976228623872,-336.299080692959
12.636,329.161990770099,-300.750533983824
12.6365,349.300317354383,-278.1021151747
12.637,330.001031195507,-250.906285288323
12.6375,316.111057483135,-202.55583128864
12.638,325.489865840363,-148.65808953677
12.6385,346.312247289655,-116.671062318992
12.639,370.61887601217,-107.210738242103
12.6395,397.29218323249,-100.644457671024
12.64,409.665550978422,-90.6223686775529
12.6405,381.743797097563,-84.3335916692369
12.641,306.652547770844,-80.2178464687127
12.6415,196.947436669058,-76.0673810851493
12.642,63.2331132273159,-91.6335548515248
12.6425,-81.218896885861,-147.754607593364
12.643,-201.245562582154,-222.232712189754
12.6435,-260.122715407259,-260.563009160664
12.644,-265.40590370452,-238.036593946564
12.6445,-265.879925892354,-182.649673489683
12.645,-292.590710567027,-129.517312886614
12.6455,-325.814929346706,-82.916403392249
12.646,-330.226726143136,-35.1269890775855
12.6465,-300.525018542051,7.80329786599554
12.647,-258.947992071981,39.7559236830094
12.6475,-225.087798161997,71.8510358656941
12.648,-201.863307359689,114.612752532766
12.6485,-179.276029252979,158.947871839469
12.649,-142.355243916338,194.769766146993
12.6495,-86.0399586375561,234.673626173471
12.65,-27.1742450872515,297.730625363595
12.6505,11.3842962341655,378.548801297389
12.651,30.1853890635702,452.43322138647
12.6515,47.3620560021335,506.282355115714
12.652,60.96571876304,546.435283418038
12.6525,44.9768470215375,577.882966048374
12.653,-5.13284923033776,591.526406744605
12.6535,-52.3312622870483,574.169578216414
12.654,-66.4196850868347,521.933204841176
12.6545,-68.4395871258225,443.492106595662
12.655,-96.8875242853526,355.500313655167
12.6555,-146.390367756831,271.278336177325
12.656,-174.82901438648,188.62748817018
12.6565,-165.119411029321,94.6082978680411
12.657,-145.56753548345,-12.0146758794233
12.6575,-145.625768535421,-112.099384580142
12.658,-160.50981206976,-188.961662925041
12.6585,-168.163899262765,-250.626632673913
12.659,-158.227812454262,-316.281014125787
12.6595,-133.736308313937,-387.221259544418
12.66,-101.773198644479,-446.53262251829
12.6605,-72.1396489241233,-484.506719120402
12.661,-50.980469487379,-508.337942424241
12.6615,-28.2167780624252,-525.771405633911
12.662,14.3947286503223,-534.562968676595
12.6625,75.4379587044836,-533.126593244852
12.663,128.865420031617,-528.48008440531
12.6635,155.062926383875,-524.667049755134
12.664,161.464660140856,-511.348026581707
12.6645,161.654652208454,-473.624969683512
12.665,150.290066494024,-410.160994667204
12.6655,115.838065813557,-334.437761416167
12.666,67.594210135113,-260.615586843803
12.6665,31.0874130688422,-196.316208285155
12.667,20.5024468491812,-148.665714274778
12.6675,30.6447156085639,-125.35020119118
12.668,52.1483176795497,-120.763675560733
12.6685,78.1590031481103,-108.419865482271
12.669,97.2367907130325,-62.6303376857888
12.6695,97.4665037685263,9.86281234147783
12.67,82.3488153239527,74.0811652802561
12.6705,68.95663215764,109.862488492055
12.671,64.7019775786296,136.298190871524
12.6715,58.4406867657034,179.672326130734
12.672,42.0851647899873,230.724598921319
12.6725,28.514568685068,256.628450492791
12.673,34.633025241335,249.422867926108
12.6735,53.1357977038521,235.765120703258
12.674,56.6860222442408,236.770271859008
12.6745,31.8189432823173,246.204572945628
12.675,-3.04404046691423,257.910328289179
12.6755,-19.0850768963673,286.664257729704
12.676,-9.36612242482292,341.992001552425
12.6765,7.73109486402963,401.611257305979
12.677,14.4739164085526,433.743614164062
12.6775,15.2808928603905,432.658624446812
12.678,29.4454421390751,412.25769215744
12.6785,66.4061076384021,378.751907331488
12.679,113.100572976619,333.149548926504
12.6795,145.974373767316,288.222718337708
12.68,151.276216458021,254.839512781966
12.6805,131.284654372292,218.631932260275
12.681,95.7709913225182,159.539466936335
12.6815,55.5299109495175,90.6785213647594
12.682,23.9019396724124,45.2384923115859
12.6825,13.5204666783395,22.2544585319149
12.683,23.5958150862958,-20.0618095583116
12.6835,36.6045358630159,-104.828078618653
12.684,37.4464609342123,-200.852465892861
12.6845,32.4882019011445,-265.023863571201
12.685,38.0567363835676,-295.145508733287
12.6855,51.4049298941884,-317.096260731361
12.686,48.8052629925273,-338.390702272626
12.6865,18.4370138260419,-342.432229010647
12.687,-19.3446920367819,-320.176293820727
12.6875,-36.5601002553425,-281.557822003148
12.688,-32.2966985242416,-236.390177675999
12.6885,-28.5820289394568,-184.332682425424
12.689,-39.136017725862,-126.522199840379
12.6895,-59.8228809582936,-72.5654255787422
12.69,-86.4685469575218,-32.572301088955
12.6905,-120.764595240856,-10.492745532944
12.691,-154.854315219681,-3.47151718176925
12.6915,-171.505641667923,0.782808476038764
12.692,-170.792449407375,20.1751129475017
12.6925,-178.831615065881,58.2581942659484
12.693,-213.545475661962,92.2454424277239
12.6935,-254.184221751143,97.5054643203894
12.694,-263.731368277435,82.9225849475943
12.6945,-233.759118261952,82.9070292843125
12.695,-186.933744069621,110.278517436469
12.6955,-139.817935866493,136.684808341389
12.696,-87.5709761172849,130.320145563114
12.6965,-29.1974168510032,96.0614234991303
12.697,16.190727014442,61.7865658484932
12.6975,32.1476241224628,37.2964065767635
12.698,28.3669582029954,9.32544412138508
12.6985,26.0299855965549,-25.4182069678993
12.699,29.9194693464321,-46.0949124840181
12.6995,30.7654451101244,-36.0554396420969
12.7,28.5998405980186,-9.81979844513134
12.7005,36.6039501380795,1.89903298994971
12.701,62.4220446662977,-13.0175608859807
12.7015,99.7703706968834,-39.7061052864583
12.702,139.857070526028,-57.4292864687619
12.7025,178.54916904202,-57.0392680350648
12.703,209.569988499549,-41.290222005863
12.7035,222.78260270001,-23.0072480879285
12.704,214.964434637257,-23.696894356716
12.7045,193.668040549191,-56.7130509408064
12.705,166.010022334724,-103.358210114472
12.7055,132.610906311863,-119.3488763838
12.706,96.9227763883934,-77.6731049777733
12.7065,68.6562709042643,3.18886836006706
12.707,48.4825586812939,84.0741098649174
12.7075,19.2564038672357,146.441454266015
12.708,-34.295061886761,192.079773727357
12.7085,-102.593124226614,212.112231949205
12.709,-160.942417192319,184.249059802031
12.7095,-198.260492630508,105.418483407806
12.71,-221.700372956978,3.59228942100342
12.7105,-234.925278206557,-94.055535288615
12.711,-229.518344471861,-186.319935694649
12.7115,-201.705480576956,-278.033396593443
12.712,-161.151336505799,-352.59574814819
12.7125,-115.742446963858,-385.166424474114
12.713,-62.6165441479743,-374.663421168494
12.7135,-4.46290823289127,-342.702193619534
12.714,39.9393235741527,-304.366720466513
12.7145,57.0115718964194,-258.26514170821
12.715,60.0143819063055,-203.906666350435
12.7155,71.6525988109836,-149.125357460191
12.716,91.2440270908498,-95.7999434532775
12.7165,98.4602574743044,-34.7382761391105
12.717,87.4336734026835,37.7302814920323
12.7175,76.0306763528247,110.90559693017
12.718,77.5395637815305,175.286374036187
12.7185,83.596087071891,235.078021177261
12.719,85.0060134437021,294.773817396856
12.7195,92.0937224637746,342.981070177613
12.72,119.104541865108,363.605816471275
12.7205,159.670831404213,359.566700715636
12.721,194.702183845445,352.230117114051
12.7215,218.520860943179,356.04451423285
12.722,239.413730987567,363.934653733564
12.7225,255.056930734039,361.263883722512
12.723,245.702821258961,345.589284646248
12.7235,199.567290087952,325.15011096223
12.724,132.994833792492,301.493992954542
12.7245,74.0024095760937,262.78852400599
12.725,30.3368662721187,198.403106622157
12.7255,-16.0219693858179,116.083916666868
12.726,-83.0907829816986,38.0323725158582
12.7265,-166.905904095374,-22.0467731424541
12.727,-249.22770142484,-73.9409536505282
12.7275,-320.38409561268,-139.485201023307
12.728,-385.901990888086,-228.634306258132
12.7285,-450.562222136349,-330.566945596334
12.729,-503.41426018988,-424.833225021838
12.7295,-523.503964572466,-493.564998335431
12.73,-498.406376354483,-523.894320475246
12.7305,-434.578615956891,-510.500818043193
12.731,-351.554413080525,-463.89797897272
12.7315,-268.012101183751,-409.977730754222
12.732,-190.886259553815,-370.753586140798
12.7325,-115.18268435272,-344.413258416475
12.733,-34.9213349961219,-309.52920223027
12.7335,46.9422428717257,-248.702136179921
12.734,123.082180343707,-163.54374771326
12.7345,192.090733224864,-68.4437979505811
12.735,252.469860646455,21.9310523038855
12.7355,287.573636224366,96.6546381288416
12.736,277.597196657644,148.519508878721
12.7365,237.419981978712,178.153188263044
12.737,219.940293542889,197.078070758338
12.7375,256.379028222518,220.98932233057
12.738,307.414079822603,257.13646887552
12.7385,307.224618445414,297.77100260815
12.739,252.595112972463,325.328393288541
12.7395,210.326708922375,325.673243927668
12.74,226.440463557486,300.620184550634
12.7405,264.04284857474,268.498840290231
12.741,253.41777002392,248.201762827525
12.7415,176.809597372994,241.108138501294
12.742,76.9411302142252,233.32073292504
12.7425,1.53499267906722,216.412572254957
12.743,-31.1977046469635,196.817187610268
12.7435,-25.3886216169597,179.432917694826
12.744,2.90930916102856,153.284537496837
12.7445,32.9503769791582,107.285005705616
12.745,59.3673942896457,54.3352882309624
12.7455,98.8593620857017,22.1896693098891
12.746,155.41998240765,19.4001315015378
12.7465,191.857694882024,26.7920229925182
12.747,168.929299489805,26.7629481596844
12.7475,107.278582477434,23.8281013435024
12.748,72.666720919673,27.6757134881649
12.7485,94.7318016526718,33.0670913434738
12.749,135.024125470196,30.9367108919031
12.7495,144.076918170389,25.6857202760861
12.75,114.244629962441,23.6868299256845
12.7505,60.687937763013,15.0954370333771
12.751,-13.8002415930029,-12.4154698080342
12.7515,-108.580357312437,-49.0172365116254
12.752,-207.254577877066,-74.9812157565851
12.7525,-299.031115023694,-94.3575377336747
12.753,-396.498459750053,-130.900954928195
12.7535,-502.323290939561,-188.78070669017
12.754,-578.311833861423,-245.237508101328
12.7545,-584.342376756935,-290.67151136873
12.755,-536.603298595579,-346.359104188245
12.7555,-488.867475006554,-422.949821357683
12.756,-460.316973246075,-486.317283098111
12.7565,-421.443578440497,-494.19604843476
12.757,-354.802040423232,-454.020474653311
12.7575,-288.538582867675,-413.678495104495
12.758,-253.05715753915,-397.876476469591
12.7585,-237.865580838567,-382.366694248745
12.759,-215.476267843961,-335.711703292323
12.7595,-183.923436961722,-260.637651513234
12.76,-157.848869262048,-181.155957773711
12.7605,-132.348025187356,-106.87904730513
12.761,-84.9247713812822,-27.3547419625783
12.7615,-9.82959790604612,65.7709985000259
12.762,73.0387296523607,165.512788595259
12.7625,145.379607715174,258.059091311798
12.763,209.263686391931,336.00238135614
12.7635,275.29186457419,400.488388284324
12.764,345.653877330369,452.192933762155
12.7645,414.040295955047,482.324064785902
12.765,473.184777564208,476.910292378779
12.7655,517.845074832119,432.906592037065
12.766,546.17738567862,364.054755086419
12.7665,561.044160244654,283.786440870594
12.767,565.40917041557,189.634449167674
12.7675,554.736214068393,78.2075148699113
12.768,518.041183110393,-28.9235966050839
12.7685,448.570514456496,-94.7830911402556
12.769,352.591394026659,-108.010994829893
12.7695,249.425781815289,-96.9657867922932
12.77,163.915524188372,-93.1438634380335
12.7705,112.00407608079,-95.7231332399772
12.771,85.4683489975735,-85.3349134909978
12.7715,53.9932052558331,-58.4162551781095
12.772,-7.17069534357787,-27.9675837322229
12.7725,-89.6161617851413,1.89420959517113
12.773,-158.897680369197,39.1771976265597
12.7735,-190.62040554086,81.3989046140655
12.774,-191.997475266426,110.991130794324
12.7745,-185.481990649974,120.412163877861
12.775,-180.588799268682,124.813412496182
12.7755,-169.620693413062,138.528903090023
12.776,-145.972792385587,151.364337573062
12.7765,-116.93040537827,141.860220187207
12.777,-97.1444612156353,106.65932395769
12.7775,-94.7012719893307,62.3182138002462
12.778,-105.57350638307,20.844150391025
12.7785,-119.426351250893,-22.0282091569942
12.779,-129.852737064632,-71.5179942059657
12.7795,-139.955497141504,-118.66911207733
12.78,-157.574898992585,-147.91117648678
12.7805,-183.847184986759,-154.076611276313
12.781,-207.587794305815,-145.22623718334
12.7815,-213.611426805968,-131.039177662537
12.782,-197.270167731786,-114.332325205881
12.7825,-169.339962672633,-94.3395119514441
12.783,-145.933871336731,-73.5265530202603
12.7835,-134.632391654,-57.1152302619596
12.784,-131.10885915021,-45.6829705645171
12.7845,-127.79364271037,-31.8045923486026
12.785,-122.860745549364,-8.60719605670877
12.7855,-118.893974030682,18.5359837826395
12.786,-114.378349312764,35.5512731863335
12.7865,-100.721115155961,39.2645682756162
12.787,-70.1796531966746,47.1786228693476
12.7875,-25.1685956293261,78.9148092795386
12.788,22.5629521010801,131.362067219837
12.7885,60.9932755462434,183.403575819774
12.789,84.2069848396483,224.227906864806
12.7895,92.240068336883,262.627508191624
12.79,90.1811695863165,304.574588879789
12.7905,89.324042288951,337.722216366799
12.791,104.844460175817,349.12872604622
12.7915,146.188709100214,345.493143506019
12.792,206.250373042084,340.304300145127
12.7925,259.778165036551,328.755763358204
12.793,275.490784237227,291.75135944686
12.7935,235.858916876248,220.067387729922
12.794,150.449300520275,118.184540346286
12.7945,50.5685960019261,-11.6800362907864
12.795,-31.7271665871962,-169.189865296902
12.7955,-81.4077576195456,-338.475850179067
12.796,-100.496167259714,-490.728680250964
12.7965,-96.6383642178162,-608.978809476673
12.797,-75.7031095048759,-693.255911689287
12.7975,-41.7271044224516,-737.948309865455
12.798,2.27575191047522,-726.808184994001
12.7985,52.71263157628,-662.025210728491
12.799,100.181733186396,-578.670211208569
12.7995,128.758877626677,-514.036388901287
12.8,127.815954806354,-475.58971359008
12.8005,103.020999127403,-450.697206732434
12.801,67.6121960186216,-429.294079033408
12.8015,25.2662867299133,-398.796139779797
12.802,-26.0133838343172,-335.133091689072
12.8025,-73.4242518769314,-226.199065602646
12.803,-91.2887475625569,-95.7712181156551
12.8035,-72.9623236850766,20.8733567872173
12.804,-45.5904860955042,119.186710351665
12.8045,-38.3910677903541,218.656259743077
12.805,-48.0184019136992,319.782848339441
12.8055,-53.9380026372853,397.091745071629
12.806,-58.6235686707135,435.742398818901
12.8065,-85.2887035089837,445.934073646774
12.807,-132.9888994179,435.622286865942
12.8075,-160.983981371093,398.518995097437
12.808,-133.609246168973,341.084165849985
12.8085,-64.588345470662,294.350813115795
12.809,0.84779292479878,280.231686467169
12.8095,37.7564937837225,284.900272346313
12.81,56.4639193213007,282.625529277273
12.8105,71.2428692949163,268.850863058803
12.811,77.0340220251912,251.740821743234
12.8115,64.5716489360893,227.572526477702
12.812,42.5027735957571,187.719713909782
12.8125,30.6004696581966,140.893889165497
12.813,36.5045723619083,106.349574988562
12.8135,50.3487926472668,88.4621840205072
12.814,60.4219891255334,75.4416886447324
12.8145,63.2301769615026,60.049862544689
12.815,56.6177181282726,45.3872026994688
12.8155,35.4918665741882,32.3284853773568
12.816,4.78644663346517,16.9541487481492
12.8165,-9.88804761176979,1.01310788985005
12.817,19.2455456194527,-7.491861316398
12.8175,87.5431443959122,-4.83708790482466
12.818,152.811246976973,6.52626229996222
12.8185,174.91881330582,24.6396049482247
12.819,155.616689027533,47.1815007855676
12.8195,129.562678210032,67.0076045298492
12.82,120.531139050982,78.6978602556664
12.8205,120.424389442809,86.5477839409424
12.821,112.042313303866,96.0138038028574
12.8215,95.7079494587054,101.073086165537
12.822,82.4581704918649,91.1085342248771
12.8225,70.898560448343,66.3488417474869
12.823,45.6886525716516,34.6030415472493
12.8235,-2.02320182115876,-2.61251473413744
12.824,-63.656025659898,-46.0926678708109
12.8245,-123.921318852306,-84.4390102597872
12.825,-173.14707400382,-100.793544740616
12.8255,-205.723406422543,-95.4135683168785
12.826,-215.302960677732,-86.5086038114163
12.8265,-199.999081237865,-86.2985502643961
12.827,-169.715138954392,-90.2150008552337
12.8275,-140.718329404829,-92.1413176596618
12.828,-121.236114204969,-95.1931188723154
12.8285,-106.139894582,-102.10765842108
12.829,-86.5068636549602,-108.084462735639
12.8295,-59.7828160243837,-109.531754548578
12.83,-28.1653001710025,-109.648917071938
12.8305,7.35405315688848,-111.184442480311
12.831,43.757257980279,-114.655376916547
12.8315,68.3549206677803,-127.067901134742
12.832,64.6755091247707,-158.929795822288
12.8325,32.124544946085,-206.471647445073
12.833,-5.99544720167103,-249.406624507811
12.8335,-22.6296131817249,-273.680328710484
12.834,-14.2666985421233,-285.03185234273
12.8345,-1.5327420611324,-292.969615284511
12.835,-3.12522324967202,-293.942690782353
12.8355,-17.2467929446243,-280.008617439208
12.836,-31.4819275942744,-252.981977796208
12.8365,-43.1147050431645,-219.194781452135
12.837,-62.5286612242931,-179.694322985613
12.8375,-99.3956092852344,-136.193919933688
12.838,-151.431309622728,-97.464272942133
12.8385,-205.605575197241,-68.4256165597249
12.839,-245.787732071466,-41.3105942066545
12.8395,-261.270896608988,-8.96017167715825
12.84,-255.168795635948,22.4727371896898
12.8405,-245.643502371433,47.61328069396
12.841,-251.181957524371,79.3442068896052
12.8415,-269.716353765955,134.270747467492
12.842,-278.017174919282,204.853122559476
12.8425,-258.348601361361,263.414793541073
12.843,-220.205175821927,292.972600722882
12.8435,-185.122834725243,298.568456241417
12.844,-154.145781553605,288.859253618337
12.8445,-107.944217479197,264.046673926088
12.845,-42.6796109918479,225.795035785414
12.8455,15.8960353220231,183.671868863635
12.846,49.5322561221657,145.134835233404
12.8465,79.7369558537671,110.442291454822
12.847,136.641241525037,82.5030312587981
12.8475,207.481515363905,69.8298817768542
12.848,251.871764765447,72.5392785208197
12.8485,268.273442021833,75.5529516826453
12.849,303.743881937632,64.5340249488339
12.8495,382.137193945902,42.2162106342544
12.85,463.469913622725,22.1478895522233
12.8505,506.141281104405,12.5159333571849
12.851,536.233343453072,13.3016982234378
12.8515,610.387350026012,24.1808954096456
12.852,729.389654279594,46.8843837918325
12.8525,837.36273150761,80.8236844814024
12.853,896.375916013896,121.208998139751
12.8535,907.961820246809,161.242326525023
12.854,862.097513448698,195.401714177105
12.8545,729.972591799381,223.201349335844
12.855,530.604922040017,248.260784328839
12.8555,346.2218164095,267.126641078462
12.856,229.77752528062,260.999421286225
12.8565,139.987897113648,211.803063218597
12.857,14.2972618902493,131.301885314345
12.8575,-132.146820654218,60.3993536052662
12.858,-240.587137261892,27.3853320328504
12.8585,-316.173177358714,15.0822346709209
12.859,-425.978678152046,-17.8231302803611
12.8595,-584.740338465881,-88.905661951063
12.86,-711.760672501687,-179.356128251646
12.8605,-731.120587593418,-263.653862838176
12.861,-666.075564180131,-332.068078369233
12.8615,-598.155283918628,-380.912517680804
12.862,-567.743465528552,-401.011172923967
12.8625,-554.771635267163,-389.862823407195
12.863,-534.431505338398,-364.233547156394
12.8635,-507.566872196721,-344.676801003352
12.864,-479.848909596246,-330.366372085906
12.8645,-446.120193358833,-302.100572079489
12.865,-403.00584200019,-250.671421759368
12.8655,-357.69014424364,-191.37785253096
12.866,-319.506353175925,-147.288320456863
12.8665,-294.350583084171,-126.254096390082
12.867,-285.204943204947,-118.208104349642
12.8675,-285.23293199956,-107.997340488316
12.868,-274.102214788168,-85.6074103956409
12.8685,-236.357638975176,-49.4284276649577
12.869,-181.577244497317,-6.4851780243114
12.8695,-131.729848123283,32.6899265409727
12.87,-91.092444927414,64.2917707251626
12.8705,-46.0206209591688,93.9755446558408
12.871,5.85353697722305,125.609080611357
12.8715,46.9710650928213,152.985975742384
12.872,66.8501145418249,171.133703744033
12.8725,79.1200806026734,191.342885052979
12.873,100.212928099562,231.502266542066
12.8735,126.248041893639,289.806079667472
12.874,146.150407915241,341.158181751809
12.8745,165.943279515056,365.758895110012
12.875,199.645102685807,370.034124878681
12.8755,239.170526908289,370.77900410795
12.876,253.55443249558,369.396183997473
12.8765,223.842728809038,354.839391751225
12.877,165.426128387414,324.539870015479
12.8775,109.91214458341,285.890798148183
12.878,77.3062594511262,238.884609636786
12.8785,73.9182194141908,174.332832999973
12.879,103.671641499832,93.357850592001
12.8795,164.451665969713,14.5442259313919
12.88,238.81580662804,-45.7973867118526
12.8805,306.546647241327,-90.922124411296
12.881,367.601908185612,-134.720963309064
12.8815,436.407208772296,-184.593506860016
12.882,509.674277078724,-240.759103203942
12.8825,557.949739190409,-303.61635033995
12.883,560.039137290188,-370.009821683196
12.8835,530.945923393083,-425.791762672048
12.884,500.136472229282,-453.801809016083
12.8845,473.308981832648,-451.558057260452
12.885,434.920088074226,-434.845408262189
12.8855,381.255605403647,-421.305199981679
12.886,326.86770074226,-412.754585584854
12.8865,276.387322539975,-393.855158367694
12.887,211.777598886296,-346.956727628688
12.8875,114.870460767207,-269.756343040497
12.888,-14.273313623447,-179.613429540217
12.8885,-166.457996938783,-98.7810549463033
12.889,-329.085065236989,-35.9992579007195
12.8895,-471.678612784864,13.2822882516567
12.89,-550.003147295534,50.8666334431241
12.8905,-549.690751650859,70.9326079384354
12.891,-513.917244568527,74.8536586017108
12.8915,-502.126767197912,78.9561982931151
12.892,-525.12152143789,97.0835807384593
12.8925,-542.876188140255,122.72326608748
12.893,-522.913571742771,140.131222310106
12.8935,-474.868405342454,148.10277821143
12.894,-424.18100264323,158.783889512275
12.8945,-378.631309088001,174.239613951202
12.895,-334.167185916612,179.811483274979
12.8955,-293.59883058083,166.512319003927
12.896,-261.411313225841,148.961960635594
12.8965,-231.23152411872,152.075122985008
12.897,-194.162723531556,184.49171741129
12.8975,-152.490290068213,231.996508875637
12.898,-112.970703005216,275.050850995784
12.8985,-74.4926562282554,306.71168099379
12.899,-35.0143153898685,331.769499522267
12.8995,-2.19622307066516,351.620227395096
12.9,18.4752324111302,355.317656700286
12.9005,39.3806448012622,329.800237740208
12.901,75.755620874652,276.935560759133
12.9015,117.553332010532,212.749166342388
12.902,137.084550999034,148.322081715141
12.9025,128.706751033475,81.6813996829225
12.903,122.37062666663,14.6856462579831
12.9035,149.296106430689,-33.9525505851175
12.904,208.677338958107,-46.4399328075773
12.9045,277.145288312859,-30.1846349122085
12.905,336.665994573091,-8.72014192513374
12.9055,380.867935120032,8.03492491127707
12.906,407.172682982093,26.9803753046226
12.9065,420.909168953561,46.3102155659618
12.907,441.217745248304,48.1091527649028
12.9075,484.626386803685,23.4611009500002
12.908,542.205314307173,-13.4207992865228
12.9085,585.946596011562,-47.2904475628913
12.909,597.260194750194,-83.0778964263641
12.9095,576.310402610874,-131.410858500917
12.91,524.751721852541,-184.507628941596
12.9105,437.337111922613,-221.793872464953
12.911,316.624695868465,-232.990064257332
12.9115,180.783310258767,-223.457707882838
12.912,46.9896039484917,-204.042063607846
12.9125,-82.2396896719039,-188.702793894709
12.913,-207.529984851719,-194.444804564422
12.9135,-319.435470262894,-226.348430709758
12.914,-409.572116728862,-264.841043583425
12.9145,-485.595275817716,-282.897964654552
12.915,-558.462587897848,-275.293760588274
12.9155,-618.327652034114,-257.679941807337
12.916,-639.724838572198,-239.213135968307
12.9165,-612.489697340954,-213.668440723774
12.917,-554.279365605061,-180.253015076334
12.9175,-489.540235702659,-155.223537601937
12.918,-428.291736581171,-152.730889846506
12.9185,-369.89107679739,-164.240648898319
12.919,-315.078088783144,-165.738033755766
12.9195,-265.36495053867,-139.574958123034
12.92,-218.503295646932,-85.121849734446
12.9205,-173.639068944789,-16.510085764373
12.921,-136.26126188654,43.8723102001791
12.9215,-110.593662961945,77.3640333212732
12.922,-91.0344299230238,83.1901232647773
12.9225,-68.3483110347327,78.3082181569596
12.923,-41.6032083109836,79.334274979061
12.9235,-17.7251169212898,88.3948652272639
12.924,-2.02703246114569,98.8516573497783
12.9245,4.58248296899167,107.817749568551
12.925,2.15298126609346,117.701539623504
12.9255,-6.70344218581664,130.691870270978
12.926,-13.3382655462218,147.302501819465
12.9265,-9.53867837366685,166.799103617715
12.927,2.13131498059974,184.962029557509
12.9275,12.1771918566691,195.012041657054
12.928,19.5932797585836,193.816943532027
12.9285,35.0765047563216,183.218708491237
12.929,64.8913225625406,163.92066760921
12.9295,98.8529642532989,135.320874397718
12.93,121.392486103366,104.548527591043
12.9305,131.151793146509,86.4891372992601
12.931,142.894642260194,87.6051965003333
12.9315,170.893196874905,96.5507698420571
12.932,215.898202046287,98.5955619844092
12.9325,268.529043534156,93.2067632688036
12.933,319.875035324673,88.8448217759508
12.9335,366.117736602376,86.8797666252304
12.934,406.24844342417,82.4372058411136
12.9345,439.15038197489,77.2388839573089
12.935,462.785897097613,77.4854223879246
12.9355,474.626825641558,78.2711647723008
12.936,472.968133774329,64.2292155720966
12.9365,457.891829792958,32.1116088007818
12.937,428.966041333936,2.53863379254533
12.9375,381.280508240765,-0.715878471893103
12.938,308.158771831775,20.5131021624847
12.9385,213.08298457399,39.5689577738616
12.939,116.347541880497,35.5748154229692
12.9395,40.0932559194049,17.1498775147793
12.94,-17.6925021806225,10.76636794972
12.9405,-86.0860582363906,26.732965176491
12.941,-187.950257734585,43.1733767757451
12.9415,-305.468773869303,29.3310883933301
12.942,-388.90666544072,-18.0897041787217
12.9425,-402.67846606491,-70.8742550557242
12.943,-356.527388732793,-103.230688272938
12.9435,-289.969963246244,-119.074548926217
12.944,-235.485409010372,-137.799520040696
12.9445,-202.398016266296,-162.277334975643
12.945,-186.203990023369,-175.47179529073
12.9455,-178.968007462836,-166.740142760378
12.946,-171.168375845471,-146.266922940455
12.9465,-156.719778474131,-128.576556835666
12.947,-142.287320584204,-113.297968301122
12.9475,-143.254257688521,-90.7932499027761
12.948,-162.274102800993,-60.3071300428405
12.9485,-176.909615365225,-33.4406518725193
12.949,-160.001335496439,-21.4262845901992
12.9495,-114.535962737836,-25.5796502461642
12.95,-78.6055941218634,-40.2414385385773
12.9505,-86.8353936562207,-59.9642776153662
12.951,-129.557380787746,-81.7914470699785
12.9515,-159.413854734603,-102.646368702157
12.952,-140.192215447743,-116.827808418213
12.9525,-80.8815121917794,-117.44924461018
12.953,-17.4042320915224,-101.272797552774
12.9535,28.9011603093794,-72.0000751511382
12.954,62.5867887786289,-38.3348416573824
12.9545,90.0168288792338,-9.22807733551799
12.955,102.618452291313,9.93718471778189
12.9555,90.3310781186373,20.4890388580793
12.956,59.067991970448,31.4906379311104
12.9565,25.5601342144538,52.1730647623591
12.957,3.19865186221167,77.9337297660644
12.9575,1.3366716995413,88.2079394026293
12.958,28.2270718997079,66.7784091387588
12.9585,79.1533475335018,23.3577185733799
12.959,125.437898970517,-13.2303184754936
12.9595,132.912366298831,-23.9944735954353
12.96,97.317899687545,-13.9147829892601
12.9605,51.6710055142745,3.64015601405936
12.961,32.887543434679,25.5926411029912
12.9615,46.7901837923967,55.4039459619526
12.962,68.5020061146346,88.1625124201999
12.9625,69.8469303696459,109.439285602138
12.963,42.1655211904293,108.623974484668
12.9635,-1.00163888842571,88.0870489152144
12.964,-37.3786260698409,59.2001062446628
12.9645,-55.44546878187,32.3364499282522
12.965,-65.265725327343,10.1971335059245
12.9655,-87.4309964488462,-10.8153989383935
12.966,-128.022543616889,-31.8997202599915
12.9665,-168.04996868816,-45.3897670108139
12.967,-182.191879698053,-41.5135141601013
12.9675,-166.014646104716,-22.4403601766511
12.968,-140.237661147046,-3.35741644839125
12.9685,-128.067907738581,4.15471274412002
12.969,-131.160109701074,4.73273051519702
12.9695,-129.468199615933,11.0050655695243
12.97,-104.818968650999,27.9275080892859
12.9705,-62.441059688292,50.939619931315
12.971,-24.0367206595831,74.9924266497666
12.9715,1.76279917995757,97.6240959458489
12.972,32.7166358568845,115.200357171605
12.9725,87.4317300677974,124.048585890831
12.973,154.175344504531,125.692594384193
12.9735,202.281588320752,124.627504863489
12.974,223.750865156545,120.11854708789
12.9745,242.395302577804,106.319311578508
12.975,273.696866367744,82.5752744981655
12.9755,296.979878704775,58.0401701476494
12.976,285.493644411622,41.7893843936382
12.9765,248.047205882753,31.1591248719125
12.977,215.543172094615,14.7657085911286
12.9775,194.333100471416,-12.3191281810612
12.978,162.589455200284,-40.0465267861584
12.9785,114.547918555407,-53.8343093119746
12.979,76.9909327601267,-53.4275687835249
12.9795,67.7422028142999,-56.1802421110051
12.98,64.0950430412012,-76.8167779046587
12.9805,36.2959274084192,-107.095527017831
12.981,-4.75600120183102,-123.361533951624
12.9815,-22.451765719443,-114.291869034348
12.982,-10.5791623767132,-92.178389786063
12.9825,-3.9858738573272,-73.9143227627284
12.983,-28.4220667173339,-60.918260335492
12.9835,-66.4612273739558,-45.0780128284808
12.984,-86.3796674177893,-25.8290673849089
12.9845,-83.696930947133,-10.1355624744908
12.985,-74.7762603779308,-0.0660512614488958
12.9855,-63.6310873339318,7.85118751592929
12.986,-39.4728927948364,12.2134264838983
12.9865,-3.37817845527664,6.5685935676304
12.987,25.5993765366509,-9.6611509374769
12.9875,34.9761976207105,-29.3630414894433
12.988,31.1343475008869,-47.5168442772967
12.9885,19.9341100205883,-63.5034833424526
12.989,-7.97646697514593,-73.151505866397
12.9895,-58.9909123580323,-70.1873379823888
12.99,-114.742288214972,-59.6865721479761
12.9905,-145.608219840659,-58.8054662173798
12.991,-144.196053860822,-76.2502521476623
12.9915,-132.398489272584,-98.7366983937413
12.992,-134.171182694675,-106.048589207633
12.9925,-151.92097344555,-93.8402792308457
12.993,-172.418074824756,-73.4720339143546
12.9935,-186.113426231545,-54.4196290157123
12.994,-193.827076184168,-36.8433126532918
12.9945,-199.075365857854,-19.5135659456888
12.995,-200.626680540767,-4.72875788610682
12.9955,-193.337238097341,6.90569776238657
12.996,-174.48649357388,19.4637394829449
12.9965,-148.68987135311,35.8485703518313
12.997,-124.924174827293,52.7462248191892
12.9975,-106.61839273513,64.1361564997601
12.998,-86.8146486087351,67.6166039965887
12.9985,-57.289087143184,65.4524352547883
12.999,-20.9948265353468,60.9852375606317
12.9995,10.013672286516,55.7587283534654
13,28.6288327137075,49.9246411508221
13.0005,38.6978299708755,44.5635835674322
13.001,47.0648184950543,42.5709668253944
13.0015,57.243990053221,46.0676939791773
13.002,72.8696268999858,53.3332872797871
13.0025,98.4817303312012,60.3060813465939
13.003,130.881978085517,65.1138665420576
13.0035,156.318262111318,68.4557297141605
13.004,164.192804461703,69.3896459285385
13.0045,160.223683546711,65.0153761242409
13.005,158.948571912413,56.3715314591636
13.0055,165.691460973264,50.3600997419842
13.006,173.234245116801,51.8619589831674
13.0065,174.750522507401,56.710183940179
13.007,171.810289905445,56.7045958277179
13.0075,168.671929945267,49.685288301358
13.008,166.071762973243,40.3534380960777
13.0085,163.432607797136,32.6114570023664
13.009,161.27363395403,26.027887007144
13.0095,157.577100243124,19.6190297860994
13.01,146.219886329226,14.0953100341041
13.0105,123.863306384383,8.98880352009898
13.011,96.3918836501026,1.54853529015502
13.0115,74.1489709861948,-9.16102895993651
13.012,60.6680899203872,-19.4417989708049
13.0125,48.5775141764372,-24.4095222286277
13.013,27.1797285273328,-23.0145930398923
13.0135,-6.73291890088035,-18.1944469777108
13.014,-45.2717196424067,-13.2038670095275
13.0145,-76.1241539966686,-9.50336411154094
13.015,-93.7121133734938,-7.95298453441222
13.0155,-104.434150048067,-10.3767364771517
13.016,-119.957328699408,-18.7203487397285
13.0165,-144.486379841628,-32.6818575305651
13.017,-169.29228929441,-49.0026126491228
13.0175,-180.568269448408,-63.3579604640772
13.018,-172.535713295509,-71.8928481606651
13.0185,-152.900166682412,-70.7732807004624
13.019,-136.092292111865,-57.5362965528773
13.0195,-130.855117767897,-36.3649380391143
13.02,-133.085350876353,-19.5888885448695
13.0205,-130.519630822661,-17.5394732616206
13.021,-115.614085709531,-25.8950241840481
13.0215,-94.2595368841408,-29.1203013841488
13.022,-80.8262857831844,-19.1759464160032
13.0225,-84.3083357910074,-5.05504650419064
13.023,-100.396241957026,0.33343773652737
13.0235,-117.199262358892,-3.2204132857999
13.024,-126.614603582997,-6.36972333595562
13.0245,-128.41578624358,-5.39592737039693
13.025,-124.530145428762,-5.35588063983341
13.0255,-112.553255109011,-9.50367596520987
13.026,-87.325446041172,-14.5443304082263
13.0265,-49.148180416132,-17.4846133873416
13.027,-8.39021279415297,-19.2087770100774
13.0275,21.3397766813582,-18.9845927097147
13.028,36.192019663492,-13.1723997899862
13.0285,46.2284296697255,-3.41643992847512
13.029,64.0294659187812,0.81839431551963
13.0295,90.6808039294506,-6.19520619230795
13.03,116.641212705578,-17.1879587663539
13.0305,134.924364166527,-20.5195089851874
13.031,146.778722917413,-14.7877730868849
13.0315,152.839525522439,-8.50239632807268
13.032,147.15157385595,-7.57841615291581
13.0325,127.456831195768,-10.1116827946889
13.033,106.357122621017,-12.6888548965247
13.0335,101.821583105369,-14.4946614667664
13.034,116.888557033224,-13.8976520184417
13.0345,138.518221831728,-7.67356149100255
13.035,157.626358103537,3.41120926472288
13.0355,177.690340316389,13.6596855710742
13.036,196.808770616915,20.7609380583629
13.0365,194.418299311731,30.1634185165018
13.037,152.440567349624,45.8564322915627
13.0375,86.0580739757613,59.9699938203754
13.038,36.0146609344933,57.9854862060916
13.0385,25.6309759725035,34.3181969934129
13.039,38.2221416145928,-1.38343558044009
13.0395,43.5874991352817,-32.8073352151932
13.04,34.6599889534051,-47.7791610094684
13.0405,26.7759642600552,-42.3590924470873
13.041,29.6306536102019,-21.5614638558987
13.0415,35.9118844148127,1.97543952511009
13.042,36.9716494842603,16.2890691938996
13.0425,35.6562644677051,21.0573940784518
13.043,38.366001074584,26.2967576584117
13.0435,42.5920594243933,37.3309533444359
13.044,37.6844630278762,46.6068485048681
13.0445,13.7748545842766,45.3954676555434
13.045,-32.1824743457906,38.0868445904668
13.0455,-93.419992017539,36.7224145607414
13.046,-153.13180670248,43.828310672725
13.0465,-193.027281396264,49.2935515835301
13.047,-207.71759880536,44.2997705037907
13.0475,-208.44707928653,30.6309766924514
13.048,-209.310293625205,15.2640364418909
13.0485,-212.123376035276,3.42947235588707
13.049,-207.233766967791,-0.777300743276734
13.0495,-185.860418322961,5.55952395204091
13.05,-148.492000612968,19.4298304186526
13.0505,-104.317697799092,32.6651160371876
13.051,-66.127047025612,40.7931122230183
13.0515,-43.2715840309221,45.7551463530581
13.052,-35.6101006313898,47.0577857969463
13.0525,-35.2245195326144,37.5686551894695
13.053,-35.6406082683071,13.7753961299182
13.0535,-36.2856543022552,-15.6770010142811
13.054,-35.888624238104,-38.4045951239428
13.0545,-27.0152180105176,-51.023255418172
13.055,-3.43518516956995,-57.4254996671394
13.0555,29.3206854516309,-59.1668382758567
13.056,56.8023246422,-55.4943154960828
13.0565,68.8932713089493,-49.8299979853697
13.057,66.5054215576112,-47.6083769113405
13.0575,56.6898095870903,-48.2497503623447
13.058,45.8733285900595,-46.1196961477194
13.0585,37.2235180373306,-39.0391871766498
13.059,30.1435472176939,-30.1250528351728
13.0595,21.9403473400012,-22.5050146434374
13.06,11.9316645340366,-18.1154515951738
13.0605,1.62840415384645,-19.6741798632146
13.061,-11.0586995023093,-26.6781983557411
13.0615,-31.6026835106759,-31.0837929660752
13.062,-56.8702345529585,-25.0818603979716
13.0625,-70.5926191373972,-12.4986061640187
13.063,-62.4317052670725,-4.22947998880581
13.0635,-47.2740668712495,-2.97726628474223
13.064,-49.9809623216524,-2.07281807494268
13.0645,-70.1071360712499,0.278059375255162
13.065,-78.6217021002516,-2.86216630736839
13.0655,-56.038373730949,-13.1544864081274
13.066,-18.0749807215326,-20.1341247329631
13.0665,7.57312583966787,-15.1483910485893
13.067,16.6652073454173,-3.87264399258056
13.0675,25.7599038550326,2.57180114979173
13.068,43.5954600217913,2.63803258276081
13.0685,62.6081122856121,2.82092673569343
13.069,75.0830964484884,6.0418889100236
13.0695,81.1868550242261,9.67902032658486
13.07,81.3864286153848,12.5142707149204
13.0705,75.4905251050449,16.3682752704604
13.071,69.8251196969893,21.6608158440465
13.0715,71.7966646703055,26.6541677534666
13.072,77.200533206873,30.5395134266089
13.0725,77.8234274040877,33.504729134724
13.073,81.5251683934716,34.7820452009073
13.0735,104.827639536314,33.6422277856584
13.074,140.308070441761,31.0883189768768
13.0745,153.885631498936,28.52920129014
13.075,128.788104543418,26.4705279507838
13.0755,93.7224843811613,25.1733874090799
13.076,87.5942314743741,23.2446333018782
13.0765,109.351968108632,15.5937546973401
13.077,125.632215961952,-1.14186379661333
13.0775,119.904342237853,-19.7724181143658
13.078,107.70705876541,-26.7430503857708
13.0785,103.205506455481,-18.3454973336193
13.079,96.419273403928,-4.719300582637
13.0795,72.2402170983604,6.31547391231558
13.08,33.0808462436712,19.1273584757602
13.0805,-7.55477380543723,36.4884700463904
13.081,-39.4607959383069,46.9169723703991
13.0815,-55.0476883937586,38.8222097566596
13.082,-50.1347215583805,20.3539121148193
13.0825,-37.927833340242,10.3170271878301
13.083,-48.1261991067271,12.5156983414106
13.0835,-94.6453224541479,13.9151356108457
13.084,-151.440458355807,7.09971381296377
13.0845,-176.802949122334,-1.53202900456414
13.085,-158.357843472134,-8.42480127459203
13.0855,-120.020741038827,-21.4481052247171
13.086,-87.895729188892,-44.0914040832587
13.0865,-65.9550106903277,-63.5170986410844
13.087,-46.8492969316977,-64.635066132703
13.0875,-30.273992841289,-48.6774130958783
13.088,-22.0219615529679,-29.0117452844576
13.0885,-23.790103680454,-14.31569722317
13.089,-32.2276631689714,-4.31645916425402
13.0895,-44.4211149246577,2.44637442072694
13.09,-59.3871367785542,5.91480236123509
13.0905,-76.255597057709,8.21777368146719
13.091,-93.3656957653487,12.7627968387721
13.0915,-107.58376135754,19.1841215903434
13.092,-114.978208963823,23.4677419631608
13.0925,-115.450231608356,22.5664884339372
13.093,-115.335935677034,15.6748982497865
13.0935,-120.329394921071,2.782074343871
13.094,-126.556066355361,-13.7779307435282
13.0945,-124.193025977854,-27.3084712787819
13.095,-109.103753359518,-30.6368787081914
13.0955,-84.4702178923886,-22.835305381018
13.096,-52.0542907569975,-10.0023326854606
13.0965,-10.9991878644659,0.57717336622765
13.097,32.899656561666,5.53605943154509
13.0975,65.9998194350964,5.47216272955007
13.098,79.8585145925402,2.09049163710112
13.0985,79.4713511179657,-3.76947545627237
13.099,74.8171981689076,-11.1263389783342
13.0995,70.4088959294115,-16.3746112588176
13.1,66.9935575047535,-14.6707160014441
13.1005,66.4446361339416,-6.83270495409782
13.101,68.8832887446374,-2.76778727702189
13.1015,70.3345309094464,-12.6455573073303
13.102,69.5718504647963,-34.2865285856719
13.1025,72.8502145810488,-54.2770790919323
13.103,85.1776624166958,-62.4648975793073
13.1035,100.326729521309,-59.9826320886949
13.104,106.53935762176,-51.5223012120446
13.1045,100.286922369831,-36.5849171005744
13.105,88.0408209163476,-13.2359411512748
13.1055,75.6378125215845,14.0110567179848
13.106,62.3110779593555,35.8443148609954
13.1065,45.819967718929,46.3503376081634
13.107,28.4822335295904,46.6140523938426
13.1075,16.1946175018993,42.4189035414644
13.108,13.2169703999619,40.8500904137983
13.1085,17.8912589802561,45.9717403744492
13.109,22.5874913675993,54.4064764525653
13.1095,19.653052320916,57.5514039415257
13.11,8.80954305088705,51.074281119959
13.1105,-3.46012705519862,39.814568724483
13.111,-12.5075617075498,31.0444704739849
13.1115,-19.7386072934383,26.4280285630551
13.112,-27.4952976267691,23.6397730880904
13.1125,-35.5896373764522,21.9417917717946
13.113,-45.3096794504195,21.8495098672497
13.1135,-59.7725135480778,22.2189155813308
13.114,-75.6893090204064,21.6628584057982
13.1145,-82.1211413217931,19.9430004736482
13.115,-74.2712457160822,14.3265769781488
13.1155,-61.7663077503714,-1.17999097835245
13.116,-54.5823823492771,-27.2446755701458
13.1165,-46.9078521752539,-52.8653711625049
13.117,-26.2391652994774,-63.9925272368893
13.1175,5.18840851624715,-57.3182486135006
13.118,30.6018889474732,-40.8370429542272
13.1185,40.1582323137925,-23.4596838673391
13.119,41.4735192796097,-10.1851972064543
13.1195,47.9224653948115,-4.70517404935019
13.12,65.6787551434642,-7.87585667654045
13.1205,92.2717450565661,-12.8622677477597
13.121,117.870814935406,-9.62687744636242
13.1215,127.668838288388,3.01686242717245
13.122,114.104931965393,15.311258887164
13.1225,88.5542110261411,18.6439937125642
13.123,70.4604028807798,14.60477697878
13.1235,63.6669541319786,9.83920561837322
13.124,55.1538866404517,7.44697061135136
13.1245,37.6032236202477,7.40892651175745
13.125,16.8385705873869,11.3011288165607
13.1255,-7.33592288295156,21.0908420341932
13.126,-47.5778608560665,34.0098334266254
13.1265,-103.417188504932,42.477697563285
13.127,-146.234000819803,40.2964329193938
13.1275,-149.431457776891,28.0935008597144
13.128,-124.424828969055,12.4722833549417
13.1285,-106.779977343628,-0.158689139437253
13.129,-111.132395008478,-9.07113187809261
13.1295,-119.50820004752,-18.0112729143715
13.13,-113.359038916484,-28.4495667241052
13.1305,-96.6328860516346,-36.2437734884424
13.131,-81.8045481782605,-37.0325737887777
13.1315,-70.572409722467,-33.2614624209253
13.132,-58.4739211888649,-32.7710270275817
13.1325,-46.8143404790438,-40.2984815725223
13.133,-38.9734694648954,-51.8776465982379
13.1335,-31.7049604033703,-57.416778523299
13.134,-19.7399400666398,-48.7219528632336
13.1345,-5.38048744013577,-27.1394504099023
13.135,3.85587027113473,-3.67463956044383
13.1355,4.77021725549454,11.7247963067205
13.136,0.0857505274209021,21.011917112421
13.1365,-7.21405904550192,32.2312262724752
13.137,-15.6543005768752,42.0089107999913
13.1375,-21.6089096169168,34.4655938003936
13.138,-17.3133573466047,4.99963813862052
13.1385,6.16847178686378,-24.7039264055797
13.139,52.3414767422322,-28.6991589710013
13.1395,112.265242309856,-8.97477149398076
13.14,164.961157402961,8.54261489277894
13.1405,190.650533548212,7.86039904234378
13.141,185.565062033038,-2.95055134615242
13.1415,159.984738159001,-11.9775431426988
13.142,123.259387629891,-19.4626954332101
13.1425,79.8028518322348,-26.6418302357976
13.143,40.5323218193422,-25.293079782972
13.1435,23.5351245235286,-11.072599468067
13.144,32.6511146087767,4.13133631875
13.1445,45.539086326017,7.27812814582443
13.145,38.348523024971,4.43917834400643
13.1455,17.7191435341211,12.0833412972633
13.146,11.2706076160072,32.2349779525052
13.1465,26.0860649849911,49.6279160477779
13.147,35.8983248069573,52.054029826325
13.1475,18.1772567869676,41.5614702672853
13.148,-12.5196895905967,25.874958434873
13.1485,-24.3205513243573,10.6349523617287
13.149,-11.9972273125306,1.83256328072173
13.1495,-2.14486512473975,4.61880617129608
13.15,-15.7858506426082,15.016110734246
13.1505,-44.2867700293832,20.8408782057623
13.151,-67.8431756445393,15.6287157235912
13.1515,-81.8298091122642,5.97155921871598
13.152,-93.4822393827258,1.61342933764223
13.1525,-103.533247135136,3.88020146419136
13.153,-106.165239739977,7.48345208477531
13.1535,-102.982568468009,8.39385205418218
13.154,-102.853838219769,5.3857966705576
13.1545,-107.565103290441,-2.31071245222867
13.155,-109.42505137714,-14.1395842890295
13.1555,-105.011334958486,-26.7586299642065
13.156,-100.049779729337,-36.3339170620339
13.1565,-96.4455617462441,-40.8488584071251
13.157,-84.9676571739606,-39.2419215114574
13.1575,-58.3660059288091,-31.6937104371265
13.158,-24.7290139974785,-22.3998767554545
13.1585,0.489943557382015,-17.7606584333133
13.159,12.1044552274419,-18.6353783055035
13.1595,18.3233400338324,-18.0893652358684
13.16,29.077432548381,-10.8409093638434
13.1605,46.8739386210856,-1.82847692214932
13.161,67.1915351884647,-0.191502548410279
13.1615,83.5452909628912,-6.23599036537702
13.162,94.0068434394441,-10.1092488231326
13.1625,104.669781502157,-4.27150859845856
13.163,121.729291878603,7.49659396692564
13.1635,137.907997271861,16.0376464683904
13.164,135.804600036117,18.4425924247915
13.1645,111.717708964024,19.8431616307685
13.165,86.8581926705499,24.5298708062088
13.1655,82.9351849115827,29.6133174315628
13.166,92.8933127953543,29.7460817064737
13.1665,90.5120329255194,25.5067651689407
13.167,66.0558810014934,22.8748596435374
13.1675,35.8757541864354,24.2776158171359
13.168,15.5902968573471,24.7415937771405
13.1685,1.40443705017078,19.7808967875606
13.169,-15.1865229806008,13.5058916117059
13.1695,-29.9502231382455,13.6656905266665
13.17,-35.1885304450815,19.6147581967659
13.1705,-35.9110765797551,21.0069905989818
13.171,-43.0896321466845,10.38210378648
13.1715,-55.8832442171609,-7.11184018071069
13.172,-62.6335700275096,-19.4729651331416
13.1725,-57.1639343808503,-20.6432225140668
13.173,-43.5138223853571,-14.5840837438593
13.1735,-25.4352671566581,-8.51777424926051
13.174,-1.62317874342449,-5.63700217046994
13.1745,26.5424203899522,-4.15797734689865
13.175,50.873096096055,-0.570840795875104
13.1755,64.2424521593369,6.95689959558904
13.176,67.6316017622982,16.4615953681042
13.1765,65.1120896420668,22.4303469735161
13.177,54.76994824841,19.537993568661
13.1775,29.8429308420979,7.70324181451893
13.178,-9.86845935947665,-6.7645868478685
13.1785,-51.1890347980749,-16.2696683063544
13.179,-77.2675080612892,-18.6001723049898
13.1795,-85.8064176679206,-17.7668296833643
13.18,-93.0424661582424,-17.9536971993503
13.1805,-114.466499878036,-18.2600642151703
13.181,-144.699363951639,-15.1510192678874
13.1815,-164.077612554802,-8.78672070424874
13.182,-164.010089983967,-3.65087589876912
13.1825,-156.000871055818,-2.65313429245753
13.183,-153.231167899242,-4.06289718977708
13.1835,-153.068165355715,-5.58223682233586
13.184,-143.297490984676,-7.91517536088475
13.1845,-117.682953864901,-11.9713740766797
13.185,-79.0997583634035,-15.8855262116993
13.1855,-34.6384545607551,-17.965505797081
13.186,5.32406991874211,-19.493113759358
13.1865,30.6788070138381,-20.8970546003972
13.187,43.4850625304957,-18.6343300141975
13.1875,60.5787009929318,-11.2291646296593
13.188,94.23868813571,-5.52892966438695
13.1885,134.385916956062,-9.78492417715709
13.189,159.922254915843,-21.2903178130897
13.1895,163.842945477687,-28.2241595874383
13.19,156.237834403042,-24.5615471665397
13.1905,145.948154516337,-16.271178936681
13.191,132.413416649294,-11.2758894074093
13.1915,114.887414948291,-10.3882054174857
13.192,96.0841054438383,-10.8339745385105
13.1925,74.6379441250751,-11.7331362257604
13.193,46.4453550164308,-11.9909115219595
13.1935,16.802525699123,-8.69287143571753
